501092423
501610101
517628573
526881235
500002152
500314692
500707102
511270582
500010458
500358446
500692829
514877385
500763498
511708502
509537570
500351474
507987149
515677302
514404807
501825625
500287271
500895556
500973239
500990627
500449645
527032035
506216587
516620399
514893675
501819530
511439416
500743444
512066772
503062736
501186953
513635605
504740931
500152312
510595308
514469245
500548188
500265541
509521877
501138077
526617450
500095685
509380451
500790719
503867519
510504512
507025788
500709043
503436979
500022222
500301402
500774232
502469827
500175635
502802943
507056814
508115270
501905248
520732839
500369686
516660217
518996028
502082230
505380670
529445980
504545163
501077861
526551915
502579491
500535786
502058344
516286511
509799009
501297646
502252329
502272959
502176265
503906530
500577471
529975224
527742919
501835384
501299031
502516901
500430988
500406293
512668175
517125389
509063513
501960581
526019392
503012640
504442612
500851294
500620763
500029390
500974931
501733056
500876579
500438722
507349691
506031718
514683823
515324952
501163181
502920640
528806219
529478652
503564239
501346147
500392196
512766403
500342083
514170473
513963564
502951007
510358272
500700865
501800481
500169293
518176045
505101960
500234433
504965714
524697083
511330955
500787268
508608439
508816225
509307293
505273117
500004697
500804733
500133354
500010888
507660372
515843590
507304892
500772983
502675126
503524799
502421079
503197281
505671098
502924496
502621655
500509753
500175139
501592441
514718189
501317861
500955241
531458305
502906102
510108446
503977942
502478502
500636614
500191980
502432367
502216239
503390457
510390191
519156944
500045831
502746606
501823544
500457112
501684791
502683376
506690109
501063481
500836026
509876406
514856530
500961321
500307082
506963755
500866564
500172711
500350835
502251208
506767328
503681068
502275144
501247450
501499722
501690279
507752693
522816540
505248194
507413742
500822205
502087841
502792394
501941653
502119021
507360933
503818800
513401397
503899326
500491997
516557752
507570876
505723296
520832418
510129924
500315547
501887609
522645947
506179762
504061264
505293644
500542295
505133497
504116262
515292393
500910313
500471556
500428902
504823215
509914512
511594687
511299142
508100673
500096313
501017866
501707438
524037886
509613494
520142705
500268706
500305747
500483442
500513644
500933859
501117756
501174571
501371684
501534088
502485056
504328051
504889291
505362249
507633568
510075864
511852124
518537442
501598558
502846304
516430685
506725617
500092804
500212950
507730400
500486792
501147837
502446410
504640709
500629259
500117085
501183168
502098773
502864629
503550572
508982114
501639198
510525667
503274705
507198912
500019048
500362161
509928801
502178308
529459450
500211917
514790104
513169673
500037312
500288474
500542484
525740028
500271061
521094533
500339780
510660775
500081051
503621041
500061766
521049139
502072212
505735540
503923884
508413071
