500549605
501913059
501829810
500228856
524891247
525249179
500486593
500532211
513255253
500635367
522266383
511043810
502553768
523983480
500209145
500322174
525609397
533307822
500510968
500084386
500438319
508297297
500241008
509352519
505858713
500461358
509960744
501529767
500237435
507081219
518012405
500510919
501427262
515194730
502703433
500246777
500727560
510900133
519942755
500109988
502459584
511695794
515883676
500298071
500738551
505641367
515899765
515081733
507445497
505090610
503681410
513124406
500337783
500336248
502901292
506667233
506865095
501135054
500147895
502084043
502073138
503170703
500848460
503241618
505634499
501393696
500687009
500848455
500129402
500352999
500378628
501359369
501908482
502710130
507621084
500121971
511186529
505592495
502875544
513330737
501358195
527874193
503697483
500361062
500382155
504894685
502158555
501700956
500574266
503634841
500748207
503202158
519791764
516529162
518709500
501644023
500037138
501268671
502448272
500763413
500158672
503857645
503441898
501524414
507072776
503566369
502458181
513749091
500453480
503511770
504241536
500722797
501162861
502713884
503221103
500526244
501314334
507756582
500919592
512774336
500005169
502667014
500052589
521147319
500053832
500109047
500155143
500387493
501344238
509024230
509264101
510233976
526828244
500060968
504194827
502051981
502554430
501644538
507550201
501671368
506683738
512123441
513862707
512582983
501668443
502771982
511403885
500759010
500946451
502506989
508565895
500275460
501404994
502705704
500497143
510547568
500028195
504196028
500245810
500280710
500656716
507694639
503367725
502933731
508762565
500734806
502645580
500902198
500144633
522480411
500045577
501817199
503194893
501570007
510328098
509120449
500588351
502345267
529239748
523141947
511977704
500501361
500830639
500368880
513409055
503749274
513053267
504020790
500319061
506538847
500950981
500559706
504216476
500220119
500769857
501486182
503199660
519996854
500129699
500891315
500917625
500986292
500989372
505415729
506892269
507112096
507817057
510800441
514992911
518332869
519160928
520064476
521745580
500977053
507591442
500196536
502086182
502167257
502872746
512073952
500633151
500396813
508130763
500015678
500893305
504737455
500738366
505501633
500129823
500381964
500512492
500830252
500869327
501149789
501683372
502103449
502722823
503193019
503304811
504516027
505026515
505838085
505905331
506049918
507761961
507782890
507796031
507847245
508699687
509077434
509721208
512635166
514166983
523563165
500596841
501274812
501056917
501835790
502211808
500001907
502659481
500075863
500349169
516542316
505825181
501186661
502107933
504853775
509431870
514003465
524488365
510224733
524620022
500236496
500322101
506456677
500083679
500170479
500193957
500268249
500351018
500385836
500609984
500758952
500900592
501288144
501594614
501610591
501647292
502008504
502627910
503011954
504737320
504879490
505701824
506300223
508708874
509135704
510853795
511742704
514226392
516646900
521883909
500229509
500328846
500978574
502772100
504463446
508077183
512337187
515120013
520799243
523703114
508072661
500236033
521065461
501037162
501120061
505081400
500113189
504861304
500832448
503637551
504164310
500046911
502846276
502270923
510570468
500134905
507641331
512091453
506966389
500433166
501554902
500478689
500347636
502501625
505107905
510923836
502250657
502380782
517901448
500084142
501816516
508300367
500709631
527374456
507595898
500129165
500834940
510539965
510983844
500854442
502086826
521652498
500251313
502870234
503983988
505114417
500802623
500110917
505670080
500040728
500131681
501218741
501690782
504257184
516707572
508606984
500262518
504127720
500149390
500419040
507302512
517267896
521381069
523263113
500421742
512066982
527468063
500144023
512664704
500115157
500123907
500161524
500436100
500700664
500840891
501012090
501348324
501426518
502770620
504154966
504303000
507478500
507608683
507649016
507810911
511359852
513431957
517269998
519184594
509989437
500177278
501741776
509981893
516766764
501285663
500603358
500454731
500008336
504746631
523314654
500214569
500456124
501306314
505248437
505740048
507141865
507895288
522112539
507285701
501256010
501646703
502809491
502204553
504114633
501167734
500285794
500348996
500504165
500703067
513298125
519327873
523610498
500205060
500340914
501064002
501214035
501463143
501479356
501654471
501763518
502750443
502792923
502903530
503872243
505345140
505995012
507529649
507580364
508381070
511335518
515630326
516432776
511235199
515030797
500207546
502607902
505885009
508928379
511512355
501945700
500475929
501660600
514136847
500126406
500613678
502917634
503140524
504519187
508478833
508848965
511398593
513366909
523690194
523711267
500056797
500156101
500854647
500920103
500929483
503398755
503894569
504797222
505353829
507514710
507623869
508521082
508616376
511693045
500854580
501968094
500841608
502498974
507638480
508628028
500051582
501911369
501560208
509300731
501871808
516601336
501655708
503857132
504700528
502730278
500436944
501135184
505362842
505543375
507057392
507087334
502745463
501884780
508454480
511765607
512160132
511575027
500064527
500133857
500162244
500872639
512355919
515057261
514268893
500320508
500639937
500935434
501106780
503562737
503812256
504377121
531215021
500023124
500040808
500046062
500048372
500066957
500083847
500090020
500107988
500121494
500156335
500174416
500191998
500223342
500224192
500237373
500258794
500271406
500289410
500295497
500301461
500309717
500314709
500353052
500378348
500398492
500403539
500426379
500437175
500443674
500472034
500477636
500510244
500511479
500527045
500551883
500553655
500563220
500602816
500611428
500646969
500685140
500686888
500708699
500733487
500773518
500812988
500844381
500864683
500892290
500899518
500914856
500996176
501003810
501022357
501027937
501033862
501044492
501060410
501067077
501094773
501115128
501134020
501162500
501218540
501233747
501275239
501292472
501300136
501363349
501381494
501440164
501472768
501513607
501533188
501589333
501593038
501606522
501613728
501637749
501655097
501760468
501855930
501885252
501960520
502037044
502076186
502235863
502258014
502265905
502300544
502371228
502473993
502535192
502594324
502632616
502669836
502678018
502724124
502735716
502770616
502794429
502843667
502892541
502907178
503145188
503248990
503281213
503320912
503324896
503346901
503406368
503411995
503418679
503538216
503541909
503592480
503765392
503822387
503858280
504237694
504298146
504324131
504464138
504497057
504501456
504507273
504565804
504582889
504610274
504708846
504740958
504792973
504939714
505015252
505068962
505090810
505102244
505152238
505310362
505434603
505512029
505522317
505672723
505702987
505762942
505817864
505819984
505865913
505870264
506286697
506338752
506626643
506713576
506786693
506791483
506876356
506959453
507344497
507503881
507586012
507590373
507690229
507694202
507708138
507728199
507740380
507785115
507792079
507813976
507912748
508124171
508128504
508325637
508574887
508692382
508784450
508896064
508996731
509000807
509170665
509230462
509638953
509733199
509743941
510449404
510651854
510785154
511154801
511546154
511750430
511818074
511837595
511892602
512073424
512092390
512145173
512579981
512670561
512932932
512966302
513022112
513045002
513184035
513289174
513472535
513581860
513604396
513620701
513622775
513868674
513983455
514363599
514984731
515302033
515503358
515686994
515866098
516019247
516639879
516845585
517274234
517568068
517769316
517784649
517882384
517969168
517991259
518507461
518639083
518718760
519026402
519047999
519079541
519953223
520158012
521038511
521307247
521341970
522268441
522597048
523027528
523118411
523768364
523768971
523961488
523976560
524162857
525803536
526454581
526872037
528211792
528320598
528678271
533374141
500143380
501093821
508448442
515703202
500451693
500573062
502050949
502675545
502678978
503042936
505740306
500595625
501957393
500601183
533072924
500690977
501642431
500602120
502927159
500197635
501562809
508010743
502197116
504561062
503889591
505339343
500067813
517401990
500283993
505422208
511718780
510258877
516687357
500518622
501335285
500303189
500044233
506562792
510927679
516141458
500731858
502773052
501856277
500215241
501157155
501479456
502607589
501254923
510085883
505079009
501268303
503951240
504688983
500190922
504132066
507797650
500619050
501510964
501809187
515165817
501457378
511166740
521028413
500548742
500593237
500648320
500738311
501231107
509055383
500522838
501785477
500266400
501940208
508185123
501132575
507920623
509389661
514898521
500164658
502982652
504909280
500066134
504789269
510543809
502610904
504236124
511595629
500008064
500166068
500215297
500232606
500256665
500346995
500408623
500412659
500484072
500597300
500624111
500725525
500856223
500867640
501059307
501125641
501293275
501502773
501860186
501861139
501870488
502111655
502266288
502366924
502585323
503053195
503388097
503411393
503705497
503757711
503883584
503902350
504255511
504381667
505046334
505209913
505287278
505299870
505405469
505639759
505883788
505914686
506421194
506972211
507326651
507620438
507626579
507665498
507913252
507979900
508365504
508490502
508656567
508749228
509229897
509981840
510105457
510114948
510128705
510594633
510770618
511874473
511962073
513837803
514311438
514468112
515267969
515499278
515628035
516154922
517018832
517079182
518028209
518408250
518678132
518767423
519035984
519449510
519778972
519802344
520876716
521961699
522872618
522961634
526384621
514707103
503719656
501151210
500738310
501252266
508945333
511312610
525469597
500140840
507220560
507945654
500406153
507321630
509657224
501688619
500090517
500592040
501233643
501656977
500063386
500076729
500081589
500093190
500416994
500586118
500598100
500769999
500957315
500996367
501411078
501719373
502434104
503069730
504094223
505006488
506892119
508044901
508188524
508517336
508628493
509059097
509108084
509701189
509945185
510220684
510425910
510509225
510777210
512629356
513941736
514347338
514816520
515868635
516187365
516322925
517932727
520477354
522670147
523501213
524658669
504412997
503880099
510693368
515471924
508847955
502471916
503069494
500422975
500815708
500503414
508693052
512882601
515427445
500294912
500512342
502011698
502144611
506628866
514112972
511328538
501297317
506159677
500040123
500647815
507605773
503801850
501329097
502656403
511739505
500361941
500701538
502584251
502886219
500036055
500046190
500150009
500183847
500277503
500359635
500371856
500405117
500683083
500855332
500915066
501068692
501253719
501401967
501612981
501883544
501956237
502453232
502772559
502833956
502920406
503408329
504001908
504196443
505012070
505207448
505376856
505834348
505935525
506250315
507470114
507983806
508220166
508597833
509210042
509406781
509549410
509763085
510701502
510854483
512235258
513088557
514382892
515390634
516057422
516659843
516879192
519120547
521323527
521391006
531436747
502024337
502845329
500324008
504527577
500356942
506710057
507810353
503212842
500179790
500270923
500817482
501249026
501718426
502577817
502970754
503641883
504117073
504566034
505413509
506049770
506172509
506720293
508624481
509344745
509433247
509913528
509930254
510084758
510981498
514274506
515904240
516747238
530033958
504629176
501064592
527563628
503168543
513259274
500785282
501749696
507418129
502827879
500748972
500128143
502431733
504902689
503014745
500032498
500191413
500950613
501090495
504631327
507676081
508400571
508684919
510692098
511066013
514221929
500534949
500197089
501293532
501597485
505685498
505858561
507944664
509175281
513221630
517423611
510758259
500795139
501843068
500239867
505560633
500591492
517454770
505049637
500882618
500441174
500678762
500690106
501946856
500773032
501565805
509777641
500178128
500248983
500754711
502863499
504807898
508353585
509670656
512577972
518881885
527726631
500058724
500177348
500250091
501248014
501485741
502388740
503756896
504340603
504968938
506543954
508442582
512401726
514909479
516118401
516706326
520443349
521318407
513743886
500404995
500554581
503183885
508751372
509920624
500776818
517733193
517765180
515944563
520433108
509385531
501647565
507656241
501041748
506874422
508113201
510022019
509048350
500636423
501301407
504849733
506683652
506728897
512713962
515237725
517215812
520111683
521151594
522990768
525811814
501087319
500002021
514158584
505679571
529221716
500070464
500307361
501985676
504163873
500576682
500237142
500011845
500053601
500072255
500293212
500316246
500419609
500553984
500728725
500958459
501018490
502203739
502753135
503885918
504655383
504717915
505359828
507360388
507585256
507753469
507911402
508171803
508497029
511239886
516161316
526197642
529417907
533016086
533140154
520173751
524627993
