100000075
169710392
100000118
101248175
100729051
107169193
125334206
116677854
100000138
118662043
125517402
279687234
138936210
103177945
100006588
192719715
108728148
117032114
119999007
241641366
134348225
120729308
114231496
147868240
177881747
217295857
123729729
194771442
208628702
202670828
108056980
100972267
107708652
167243369
331561996
220229825
297629754
100629714
123014251
100195448
228684600
106165321
114304618
198530569
110829586
100102934
121925413
101140349
292194495
110186764
218602044
251890729
125279439
103198737
122649408
119295172
100270818
112183536
184620398
130009542
101395914
152282648
222433419
101067056
134733590
117754004
105510424
232325808
223425142
208508052
259806264
255618300
109483641
183111076
206758253
251235481
101004815
244248892
100543052
252526222
205103852
218360142
274276048
148449394
124531824
108673859
247850858
138832167
101053693
101524886
159765734
148443447
206019836
100148969
213294471
203904643
216632333
106486617
101381454
100803504
135897364
195022191
100081490
103590333
156765090
101106258
111123730
257298229
110532126
100160557
102150539
159043348
112675370
211747602
130059282
140373359
205376987
100016779
258690431
107087164
164763981
257311189
133086881
145696327
170180404
122300017
171887016
120960553
170782682
195925770
109021668
100597737
220029144
248115141
115617216
207917269
101618330
179940466
100273021
123763430
104943582
128074854
100050316
185073090
177759318
181595522
241020770
256421234
109040069
228065610
180163383
111707572
258547037
254307200
100000124
169777686
151797591
257280483
141357565
100550257
267418623
256745065
133762708
110150965
191813217
193007518
251044066
137696083
100015523
245585705
102029971
247867536
101908563
303020008
203198458
261851160
266073429
136220280
104143075
295858884
179650894
152664216
299104023
110076113
150510036
278528568
208736466
237684682
181399956
240780238
139007263
179391639
109403580
156761889
243913439
114788255
175144473
249623037
243604938
120352905
169600144
176484155
174022574
100673652
101638198
139067071
144334855
267939886
178996166
201389483
238821984
225256457
126181782
231749584
260570398
110396424
100753401
101581788
169328292
240971516
118362173
161110819
100573053
103956765
101909910
227945378
132152728
179773324
110577226
192556530
101853714
264784020
101395970
191957544
102176617
157473887
105228949
238213496
336988451
106686160
285278614
224945269
165634044
113343471
158482930
101456112
196042508
262340273
100820772
131977706
230441745
102039457
226584176
192154965
135669513
113767199
167686775
128956275
215118937
115409217
267691528
100195581
126636800
128053188
253066745
100586601
187283594
100856006
114795221
199497609
113695170
102602335
113570293
228412144
104236707
109560813
102425246
126599013
109610034
164832119
179671837
102219227
223952609
154397509
128224419
264811231
100800116
292551832
101389149
207351316
249567754
101949797
231242002
170321533
245424389
239045039
198717459
280614271
266966403
252716270
102536890
274973179
101049954
208670396
149771928
103383457
107200976
102168538
114112967
101612266
194193075
102537092
121862852
100417139
100022975
242395414
205442095
113353778
100832390
130917733
170701222
296948295
230438442
180456548
159194181
286296901
133011944
183970245
141109879
217397904
182303843
230370936
118345412
301087642
167373749
123923696
100171078
205773198
248672638
190668080
156282519
203983889
193502054
194979984
101526948
232567750
103750467
100308654
297257371
188881232
121360128
241557500
111026464
181030470
109268094
271893255
254681613
102900086
130303323
235718867
113430889
157957894
110606739
298807560
213081570
105858014
220572369
102113822
155015900
100389776
108739281
225693868
101354967
204737086
207911854
102152003
156797201
183510921
108670015
100128171
108011301
187492386
188673718
276217627
127552741
213382599
229101195
272029095
114737922
243711365
213189077
108874816
264788344
183170254
187794530
101522751
100718379
111023045
186837939
262314925
214787222
228476116
169193220
106785920
248460818
253363494
106408260
100379385
220241861
250269182
122819343
182443478
199601681
112693859
236353059
197803055
145337355
121449452
101359252
113255317
100900525
125723731
227475786
265681345
101584555
102682940
204071697
240683697
101554177
102113926
249409222
164287761
241559395
100950370
122571518
302187347
168641525
232065354
131583049
150343173
267813481
204406448
195792730
100135668
191072409
233114532
100151722
263628038
101468527
102536614
253335175
101174305
108716885
223535238
230122235
103420940
157895744
198565768
256740304
155485127
101560998
194177130
135718511
250763547
104098591
147816454
201532818
205253495
101904386
249911504
243614018
100486926
103764045
100507666
223359867
101468176
121867817
103783849
249744291
105838033
124539496
152630331
159819811
131948323
100938696
111660849
167847837
169484215
262009259
167330749
191478238
199137523
127334350
111420285
114429855
108564845
216531994
103249586
223164238
257548084
114917848
102438534
128970812
117574946
119452428
102410180
165518754
187305294
113599611
100493356
104805987
214817472
222551413
102696633
113616624
194006553
101970294
156668744
220211302
199124898
118228429
261757013
134250162
114688742
218802111
137275249
165875506
210389909
173031437
116574617
142249200
190149486
100487808
187913432
211879377
101352480
304414780
249560116
122655637
189416880
268739749
127137712
177255940
116635784
279284097
144551076
210380664
180714785
158882283
246998735
181202560
100028412
274457918
131198786
100411637
259195682
100456324
185423275
164923803
253524771
242472661
100335102
101541172
123521993
100656832
214956918
100496380
264259308
127328602
312089590
211515003
100296862
128286661
104926458
128255000
121422218
232042322
100467838
191452633
308399478
188776439
267079388
175627122
100694994
224879375
155374943
119443975
264823713
242665693
232171751
192134465
241028250
100000496
253248973
188222942
103004200
238003116
261592033
101519329
134340429
226201099
100631317
104017115
102583603
101086458
203526246
238512183
200927508
172033025
189599547
100651118
145584088
260762156
102056553
248551888
100128491
156693662
178193249
210667330
104287972
100056871
211739102
247930216
128771995
100257206
145104316
199240151
123337746
100681131
160538092
137857569
147657489
141625211
217626509
101165262
220409373
215965807
162520172
102055701
104121610
250875277
264254408
103789977
181904189
101361775
109556188
169206308
182894419
101853219
113625311
231659933
137508908
312969995
187836016
229129921
242625275
100194944
106903074
267169506
111784826
194568772
236512392
178490553
100790015
176103351
271133371
132691468
295349655
116831597
100560074
230994688
118051422
292624897
101626888
128776522
160011617
102812096
140544815
235213815
100192795
233915687
264415525
143274981
308878989
101252858
229969915
195440111
198942382
205678603
101114680
120647860
100863690
118973188
249317816
105268660
139515252
113980516
100670274
145950153
210525275
233849973
206504430
105165000
108585755
253915425
244789532
101236286
164953915
173203327
231938490
100124186
100957828
149404198
276103226
285177026
101832268
108986602
105006805
101446061
267993834
100027447
182867914
111248419
155692592
164071820
102389591
118856021
206534821
174565426
279657563
108165263
122659041
321177679
110754720
100116441
280821126
164032096
238054856
109227215
179107737
296358107
169432936
221289828
102373675
189978724
247050851
108655496
257915274
199403562
174184474
100043538
254379922
196174458
126452734
144630721
109663914
264132751
199420509
182376175
103165421
162799521
144321671
239347625
257511827
174277012
163136470
158141752
101207261
158495924
198956929
186206116
219699310
101833415
108873146
106055107
100724785
104086930
113601247
101011165
116399096
153140897
126886704
150006238
209597168
108615142
101548959
102635918
120757895
118464531
221879565
102691794
115685223
319020020
102876927
275270447
184633509
184176100
216367616
100278161
118996967
112251274
272078076
135596861
113979747
110448364
100308706
211766865
162771545
224322212
181546001
183328446
101730063
118535607
173488083
115483719
112416569
100361207
104271029
108045921
185534455
133420797
100251286
142715885
120428188
106007548
152980349
223842219
102912654
121195945
194286976
198508130
143898302
247145838
113930716
225578483
164396837
131887405
224701328
101241536
117382602
117036228
108744780
127000681
101070049
101407894
110131453
205477346
103217141
195898539
100061938
107166031
185474647
198543376
108704386
114277018
157145405
171149893
150929839
107501790
256553621
297678529
108817621
108679286
231558134
131818556
100029757
215864349
233097473
196837846
186070473
200000019
122360414
112400786
148012333
259675725
101618514
223188399
249589564
242345851
114705977
208555687
302220919
161781642
110117376
200129460
124864593
200024390
149127147
226444299
100163466
110501961
191066921
100033887
166215239
269021098
100674905
320804978
256559354
100497246
227284866
113100581
119248471
192731153
173083742
205837286
170810095
171458945
135666130
291643549
100821889
101608933
111302676
274684888
182343026
179423743
167056475
102082692
194972062
164534432
100141407
102955587
108571441
260307799
100172116
183540674
102599014
115380873
243380749
267862874
121398618
165372121
113488232
137037949
100240328
109262682
121581781
228166447
159403731
134025831
109395687
255084146
102552036
197428310
256456393
177017537
108722052
111735054
116188787
233872812
278911490
306900949
186066399
280416097
172274296
101843626
100247650
200137967
110626696
217856297
154304011
100116916
114825555
118908180
134191840
222874042
268975687
207728904
100507581
224007220
170908615
115960815
200639663
154619825
293743174
106501696
104756342
207760088
257295902
110802310
121324582
200054678
104106502
176121518
103125199
103412446
148329819
146575868
108058152
132990397
149095653
192863148
245576384
256166121
105490600
100112194
102287161
248657790
199670238
174994930
100030374
107861698
118648156
223532130
100019992
111120968
100237472
157140880
275731922
137042898
228462531
167941364
255918744
164078301
236455547
135715489
241065533
184008606
243731280
100185339
187740212
218694363
123444013
101138548
103586142
123842320
196858594
145360650
100046936
147238203
100047217
101303522
258374735
106958053
115477261
281748367
259149131
169822672
199229245
263614920
256526849
223923615
206427958
128191785
138143428
126070164
100109336
104236063
217405053
235624039
158072833
110095342
206703863
101844880
103566833
186961360
110905877
101753996
184614309
101685077
112429533
215737370
176399005
296383610
100731411
144339494
105433293
118658440
199544660
101830912
234398429
281926601
100016673
148570441
182175377
101200086
101339438
174334611
200077351
102085457
104029730
257387726
221448025
172557733
100535080
101693851
288208670
100552450
125940586
305746061
100063470
100286380
100313290
151603451
100763364
205497830
226488588
147798177
100024709
101760714
110866412
100386855
183758456
279565449
112027974
256702450
100447052
107648887
100444870
236991390
193430708
218311513
254026720
164953589
105080610
100895019
100499535
146873766
280534385
100108948
219509999
149522216
147905121
100041636
120863976
107841621
152523771
177221466
110301746
212124568
103192219
187093119
101184831
104245357
202641864
101654009
102430051
169541117
222892302
248449652
109078200
215450920
290170715
181024773
228750025
204240901
107330350
100951947
110067495
116320713
186603571
103817545
136909959
108669705
100665393
107926230
178848349
168538455
215498216
186748689
220446093
231173236
100115690
109985076
102258758
141399382
100179567
218669154
163924245
139857700
140390030
103604924
236845544
173868590
177892769
207430641
127536537
104001641
108167984
131003876
102476975
199995863
293267187
100371539
125956084
194783786
230624925
109999979
128729805
115034554
241020856
100295223
105615641
113577117
270344124
116476811
182063014
265091774
146896239
189976070
179964734
100274732
230549320
206140934
239583097
148218957
152308055
247138313
105128022
115234968
154119436
210118120
101627395
206387328
167322722
207758326
119987956
256532843
100231344
212301965
216440015
167912849
141669153
100292535
202743881
224853302
172246957
252411470
218523549
109900628
103785209
100152230
101597011
102547062
217287838
263338725
117699766
109237779
214742134
198233673
132832498
248200736
255775868
100172869
104577193
100109037
100026155
102417210
148259133
130585741
111752411
220468485
107071474
137688225
123109957
105135252
100566424
285546344
100271002
169515669
126294368
100545290
196709135
100711266
110582167
103104065
218347303
101218564
116051139
154721940
286417179
188870877
178991873
213567762
109183171
212335686
214311610
118546838
267936094
209965011
179958481
187162184
201928138
101642709
233027998
226635154
173575099
126464850
118268374
166999174
102223878
192278950
226825617
164484827
102964367
102819466
214618355
122716061
177645905
214236218
271586667
220966491
172009980
100017841
150713578
176918442
125286272
298125054
100629738
167072142
270348110
161426256
185221946
100312530
211268495
128417120
106025235
177713049
235690383
107069739
232175174
244015125
230691142
236034102
112314593
164722953
103903530
191189189
109885526
101158298
100000502
103139063
104454728
160624773
103613739
143769620
173760942
101889005
298854565
113254581
198819413
100802950
106298187
184257055
113574483
101261322
100222852
103671713
269069916
100047981
137763517
119667583
121091859
203281900
108527709
100433683
102770158
185063760
156595481
109638900
234461421
109665789
105879939
158834983
102096919
102040526
200224620
102896910
125656399
206910551
214803723
110866636
116795522
101861469
124387982
269229617
297490668
100442983
128761461
100331479
216002403
174435059
102110429
102813222
138321353
215381989
100551602
137479862
267801877
154665048
180224640
100642079
100501333
112185802
200646348
205457326
110017197
100196367
104977626
107514797
110886000
122583740
178564485
100844017
102232472
108859181
242466096
108583622
244852310
115349778
235026566
244905113
305956651
267320080
112533499
139693520
300150333
223575209
196575727
100101544
109726863
135160391
260653404
101252304
283815741
306384982
239857502
104452143
140903170
109520409
103094297
224609697
262507204
119932710
100221606
148774094
144583673
100297160
210403079
203380344
113166501
178490608
175864559
105616885
106264304
185102519
211743153
272349442
101342378
268323370
117390326
124773066
101014430
198231905
100687445
235489154
101772765
245843104
184708777
225855508
146308729
132275219
198496328
211020791
116406060
186343658
252380945
226931021
100721452
133414516
102743106
101155209
269633975
104133763
247309424
131869477
183766088
206240361
257250309
101442449
104784098
203981391
230140915
195999344
100088202
180442654
178591101
250160256
126935890
187943905
102264114
102494516
142525740
126965828
144385325
174909238
204432163
144107239
142592152
299488889
110860824
267080105
100912170
106591331
108279110
100602729
100041094
307916428
257728554
104160949
157804283
127464091
196849165
128778603
155661149
207374601
210931679
100653329
264495680
115923277
191456364
111974971
119896563
211505674
245284837
126757260
247125910
185693908
226991739
101082868
116325143
176563551
226667134
178101008
198311354
126504713
108270965
192367340
187979113
102437615
162936063
100723344
100205616
131689240
154001359
207229677
103110211
210318456
101040467
206143524
100594907
137835145
118130302
160142832
123427919
255835681
174363117
100208031
106642334
149047883
101783573
160073348
109688034
128156941
182519579
234599588
109885320
176767726
211075272
110313575
105970838
263916541
108990001
153935820
169381852
195757462
100132922
108617449
227557647
100469700
110230388
109671624
290986649
205856080
107695329
109493670
219902053
290832623
109852915
253930475
100036307
123018270
118738985
110886798
110906552
100000847
184969244
101656363
274553227
113186409
150483485
102412353
197276742
238722406
201672843
108694525
119019202
159383772
153540313
204708499
111181493
155573551
223493163
270239685
273837310
274671390
280736653
300005011
145052243
279779523
104392174
196692342
276892795
115387625
100260658
131431237
270277330
206574889
260478658
102172170
100526742
283566315
103384008
270504705
102249724
185626565
100527590
156020249
177323740
183358044
135669472
194151155
273077283
274787434
192821262
209735063
175972502
223034107
242984205
293980413
100029736
102350191
248406977
115190022
113001076
167074087
218576746
135548118
148785597
201946974
109448823
224539882
100166159
107118031
101636904
104720842
263877499
170898009
101166245
185805700
103792321
198650590
292879532
113294303
197324588
262445334
294125638
102287319
109479493
203614446
172168950
254060435
276432553
101535898
104762317
138856362
125946484
275133736
109636006
100664322
188486999
235176525
247935075
228121097
184021609
101419260
135605273
101905125
186111416
138558876
109974293
188531186
100489437
105744727
147004046
104326289
146851405
100389849
288474199
104694095
148224165
103263530
100867994
139788616
253317206
179473851
181433697
228022061
112373690
101019649
101301457
100226511
117008686
252740987
153619534
171100056
214739893
191041255
101156244
113094079
117290328
147803493
164556689
211154486
267574454
149849829
201251552
218913888
188340304
109195373
138479692
220833165
159423923
301283837
100851212
266515652
108064014
110044009
287887629
134373196
255917853
101052297
101216360
225080934
173945811
288539575
100631314
169754626
103985648
217854165
281301117
104905978
202330946
101350268
101777075
148921220
126228217
100091639
132040061
238560974
195229249
101694396
198740113
298162166
127311621
101882397
167218060
231260770
195792708
250015130
154591778
101927854
100092105
191835042
231256880
202428297
209562354
246299742
100800220
101029697
107058829
110833316
251674905
281323322
295846393
148912210
184976516
105369379
167345713
247859169
126649513
186494111
100441677
160036686
109321550
121747719
107717363
108830086
108646917
233038895
136529278
105693307
167534415
110411991
100056850
160018952
100695438
124067497
271184742
141918711
101470430
123039141
100141026
218081454
250518667
227659166
173047997
226956308
241099108
113215612
127043133
101497435
124549002
257257378
101033026
179648888
146282268
148787763
291074110
263985243
108003665
133680761
245295323
145766194
271243033
274392483
100791334
130210687
255610059
101646908
108306398
196783251
101346279
102219948
172693674
100000992
191537877
286992263
115950979
199851016
217904427
100122363
133516086
192243228
247899670
100041511
112656330
113845950
111319915
224345755
112213582
102382190
267354776
191874154
194444776
204796245
102152472
123191756
214991375
252734862
133590689
100368111
106670294
333630733
163868327
196805226
194031636
201329286
102938184
300836398
173707425
101718336
263629024
169031724
204476595
106288374
147609602
213870953
151872608
226687507
262113850
148339362
206683167
100344354
249670795
297729904
331385125
109162306
100960040
104935587
116714345
192804941
100444842
107482108
186429498
254926041
143552020
198375242
105446864
100447114
218735356
100166484
173494046
100699579
104025514
101398802
234305044
260137179
101423837
226036154
101206041
187332988
244122377
101393746
126599097
102666720
109053747
193915817
294438363
113847825
182714751
101896314
103790015
142068740
177310510
225363398
105114850
112529051
100674783
220579367
114843396
102131135
105317610
207666900
232222397
104833714
105508508
210853819
181441365
102559423
144192624
248719855
108859051
172241742
178563934
275100660
100016328
134347890
200307837
137169853
113196777
126546516
227296517
100332930
165979029
268553889
333879864
100076939
102322711
189429787
246686303
263633934
102296878
104959334
198065740
175984083
189855730
100122349
190110572
191467297
105013584
104029008
152743708
124386775
109022207
115408153
105204070
116268922
200316595
117003793
117589630
121703859
140956403
176970794
127878010
285333833
294317009
109168473
180374489
113085240
100214100
102404571
207423964
157295335
237581381
186527366
168557666
270605041
176082048
178253671
203564861
260381548
202558128
306417634
103414872
122815231
152626045
101095499
238737088
111954860
105294595
180742590
104651984
189625162
226910946
122618585
207325625
244340261
101255918
103493961
105550113
212940749
219352656
257045058
252355105
205844362
260269820
112732805
120301312
240480041
126786768
263121283
100907713
165235740
108362392
125432210
222036590
103478729
213764878
100396934
191952641
255530277
115228778
148763310
109221833
151286619
107306558
223986653
252975328
125009488
211611679
100080042
103723048
241181624
288859587
261862034
108654025
113325900
116262229
278760611
292514002
100206801
100414520
101657057
101975819
119714388
211867761
100664134
158564972
104189422
211408629
100483249
124149036
155743357
166115964
271217553
101965820
101223486
103612480
108568849
183907937
112056595
258564701
286585186
177795173
114677869
101158799
121601237
151109394
203903106
257131845
147583908
100794717
290052866
129054688
239834036
190973019
186054602
204405310
111323268
105189748
102373458
108741972
100100970
196853811
305221042
108874163
177994639
190831577
332521807
101328013
107263714
129960593
191528076
256686148
111124719
157808267
111388248
115543776
211866213
118662742
102976286
196175330
138529868
100113959
101196277
101493757
125785773
118478647
150074513
200921398
100499464
100971265
101718373
102488744
109881283
192159300
209799678
212597477
260160730
271326473
297795342
299500363
225718114
200859253
100031188
219036827
103462954
165860075
198630872
100073936
101746186
108903733
106301062
272970609
161956392
131694010
284923918
101562574
128788972
166360689
100472576
150568557
292767399
305230221
104975986
211721576
269080427
107062149
132663641
198395063
300020838
110278856
108966099
109494937
194984480
100481003
197168700
246213140
101548610
205356344
101975034
100299857
211959787
199674400
164891797
105945948
170130918
289804845
208923976
106769921
103011993
100088400
152572404
248434659
131569859
107367695
121655743
109231442
216482000
155882132
278695165
213251520
243591939
101175371
196900836
125273907
102362940
107094997
111221682
130376367
238623475
102119587
235797482
255686709
197126028
103492150
108776908
100499466
333315395
293222854
234078473
217709096
176451654
219261550
116488231
235173199
121253687
128335975
231855540
112401100
103557631
109372951
142845315
100001211
102189505
115682085
127578504
199374360
123233111
259272144
115537293
109749046
117485720
100686200
100066588
206250191
144291748
100052194
100078707
102070074
108630967
147799992
114314264
150549190
100288699
120390367
127469141
100075145
110225595
205723534
242371405
266209963
290815087
299339710
307558237
188332181
100761383
145498485
203800882
276178326
102818447
219676765
305520133
132659689
128627296
293016607
125817680
128958857
149296399
287727199
158995127
100865950
109760649
270975903
165784461
103548265
227021779
148635025
185319127
100061445
100358923
100486494
109512415
109545875
111449507
116986935
183864332
101297501
100658305
215732541
228111681
112639979
101083135
102825794
101014332
138870409
118622614
255004582
103093985
104997035
322278928
113818178
117736889
102207126
111417596
235147470
130876840
217970355
105220876
155745716
248559454
227241808
243453233
100381250
181810870
213321574
243655309
101060297
119351713
219577061
277546277
100108599
101287478
102459120
178527387
206155170
273829321
106423969
100144907
101147017
183824111
185109705
100489524
208118104
100724186
189819063
103348939
138034299
106506953
247099236
100920816
101287238
101768902
101868874
111355721
102572800
104595453
109452078
225073068
244790120
132058439
101638832
150255099
221246101
224034600
101504697
180414607
100159347
101779146
104747541
134639222
136831025
148024115
183223498
251954093
260240337
101054798
308651731
112292567
100755018
222629543
242657573
241316827
200458921
146940448
251081590
252767191
279689804
209792235
191506913
326063193
111884157
105017807
108771849
100204173
155938619
109087628
178338386
100913578
221107130
266619036
159976594
110602490
198137986
104408452
156784337
126904630
101318326
222546101
263922363
100016045
111346771
170060576
238574857
148962772
182194185
170981238
105729484
151690343
100501732
181707228
112405292
103052765
167537015
100274356
163051234
246482857
162018070
186232929
253405160
132913895
105791621
177876112
129465346
153188892
143123733
287434897
131429481
100236704
105178559
155865534
292721118
109242589
151946442
209520698
103000166
245241849
240657714
150308599
107336057
112489587
133426783
135918340
149372165
193958116
103986009
157070219
314535838
213459545
137451907
166993675
116330616
194465993
153263045
100602478
100645131
100077932
137224928
196392349
233630302
134406867
190795770
100370344
100867029
254129926
293289336
111150083
111202726
163556064
238453344
115669858
155648023
194507364
187410191
248093171
110475273
246640105
233754248
100891675
193378546
113158485
100390698
224616399
291449540
144115683
100701214
104425830
202356628
204619344
219539433
100506976
289296271
298991923
178237743
100105107
159179382
226952317
236313192
302764973
293089978
178570222
100050665
100413190
109998299
240793500
101455584
106548628
100001639
106354484
287475757
252719391
125235430
115601171
119130651
277853536
226755666
102779328
110184255
101538564
183079194
100092589
154126535
100792918
101302863
102647288
103648284
105896378
127651547
135366548
199500421
276355835
101052338
129578947
131656950
151607854
218538280
183658351
263625853
101376519
224265044
209395788
194776530
139383122
126637500
130228642
100777354
100895736
109182257
130053246
147708467
113105664
102536504
124632144
112409108
104421842
127895435
155973623
100925745
312298521
101670527
108779543
122950914
158711462
247683853
227600412
101857987
104449144
113127664
138986812
100137296
102137411
104349458
106845761
107132991
109067808
132578473
146405999
171695400
178100141
189794012
193300621
116757882
281433570
231261741
214755245
232957331
207491271
295243960
111313018
219473283
249830809
203442495
295323488
295951495
101294131
104873316
211297554
247081342
268071434
234841715
281088974
114721787
271649574
260941485
247138431
250934180
120155481
190545515
102584865
254575047
122134683
302138366
153454126
259622631
221118749
116012746
258440064
264570126
100000512
250387255
109335815
125108267
279908514
212065302
165211559
140480985
100734041
120176370
101850529
102437068
202996599
291122598
102357080
165062131
181147977
214921104
259581274
289677020
297825290
107165514
235837477
139693119
270611944
182949874
218100755
168887467
201781273
190074506
217441026
118676080
120552349
108715852
124609346
103155981
108926115
110910166
113871392
130522556
172789165
206018255
240411238
122789869
307329156
110058301
257544168
100511034
205722556
100676039
152920933
272919332
171781797
129311443
111851994
122199116
212697250
119308583
202792324
118787353
100006392
134297111
284175566
115349229
104577112
109124741
100756534
276067744
100786491
124058430
235099409
150746579
102240266
133742260
229583057
116433558
190398191
222150841
280136624
298887281
210070472
101033870
119614032
169161275
214709731
276865284
100017419
102612904
175456887
124037247
195126097
196898639
229039823
132041090
166654596
228664791
194451723
123065439
125896419
202424729
103702641
101572006
101216453
178711811
191088190
229148240
125423685
257860216
199538759
100802351
150521664
117235173
102605725
214280979
112708040
254944763
147861376
177667153
175311921
214926620
100267632
100657997
171611831
202813511
101024067
115486091
166985503
221002076
183095089
207454539
235884781
110418142
100435698
101506600
104775226
170597933
184386558
268245914
101826938
116128251
100282816
269527216
246949339
106805645
100005914
100089928
145309486
231872771
115207701
277365197
100002366
108034555
113713527
161470751
191200420
149867522
153515767
170376743
241037627
216547677
100595161
149018663
214207611
100722446
103579542
127953283
198715554
100528161
108845073
121960428
175337925
164880289
101578658
260237779
144066480
111543373
315759612
310108717
107897619
109919664
100030829
197692465
221776808
240976277
100705282
103071376
104182932
148688470
151597020
272379207
101805945
209061380
234346747
173848729
189676485
213242985
266054879
100096887
177816875
100639483
110105202
117657505
212678234
272096364
102243494
100485581
101260189
120197701
132941810
194974130
124056325
115889177
116659429
111291064
229399578
285644374
100984928
127984927
100457747
125504787
108876564
186947652
116226054
291507573
149077993
100020689
134400742
103052070
100002037
224114938
104449377
166055477
222688797
131224511
100120468
187076751
104690975
111599224
123395043
126850737
152213981
177334682
182709872
184401566
192918598
246905517
248560727
252481026
255674663
262278913
205587825
121895723
193365373
101330975
201767277
268097272
108427676
111547482
252408131
189338354
194710884
222440062
233171561
238421049
100816296
207665763
258768848
100096438
104379245
245397666
108730366
100519817
181882039
205314700
108810230
171711511
214827485
177155858
101119206
103628277
264621608
102384870
129491328
224141669
196842354
263230463
178391395
107151419
108828020
111963390
256646212
100651089
102650136
137003653
193495960
194166911
198512644
221818359
259324717
268341148
113784533
100862886
125147261
185458965
211554792
100893811
120598614
197324852
113960601
100604520
101307431
116146811
250434211
104373922
112443091
297173723
160319706
126019145
152087256
178892434
226170639
100831948
301455234
108741933
109875977
232847932
257166915
100753186
201949701
219255473
109757500
101408116
102392145
201332052
271029677
101358706
252415610
100227993
115594231
102535771
185196558
218500841
301852649
100586200
194522557
207894482
182957534
185135545
104284102
107517584
152843771
259984164
234205074
200367043
265048518
103223497
175622909
289284815
173330932
157213310
199534615
204410848
108470750
112189857
247237147
295204965
100947342
189887440
272626465
100641604
100181963
104820251
265852195
112107395
147696937
231692264
100138610
199205330
101995343
100768310
104310356
108792777
203388847
206189929
287319244
291453001
310905646
249019437
104718491
114109483
126081635
163088340
263481133
101196420
161492150
206603577
216360014
191894990
108870190
145632273
198812855
100492570
114580515
127386919
251580809
103255575
164878093
200103147
221656941
217497626
117900921
161468959
272953877
306274213
309204482
199918672
100046929
100038123
113098290
127434502
233580480
206449522
225841481
100699350
124726178
131718403
268275689
185834465
100679105
168938258
182147502
184799587
194334777
223179409
252113748
182286372
100075738
100668506
129280035
175822197
182139534
103483177
103777745
115041830
104617963
125675137
173801491
161328003
105236765
111283247
210468016
179700457
161233533
210182170
178442068
217966390
199772151
168915868
100206440
106575425
101798565
110918081
306264738
100828828
102319010
202032782
272559977
102609910
159691925
143648884
186611002
137686650
111246248
260459258
262724250
114189792
250950390
102892028
103320243
114360050
124495519
160287493
178586828
199808933
211119592
244489306
111457136
100896472
162533900
233992843
101392016
101882630
144952901
255769547
102626222
107522321
113358610
116959395
266781459
130403311
251214730
270492523
223731222
112608786
130865500
139084805
211568118
109036480
244446154
193488577
227476904
170896024
158283915
323963995
223967742
106468671
243688808
109038158
114800871
191442026
273077861
117732151
190828776
293705233
127455841
123210588
243611896
250322093
269773298
100688382
104365615
108725831
110048060
110442671
111379573
147446859
212376760
262634458
280952049
297701345
100047694
101417513
267831355
101491531
106079201
108503530
119754588
147600048
165373928
115239555
179186082
290321685
100628724
101583053
224693363
244917430
100808300
252358709
109201617
230591707
244822023
233005385
103006288
109773796
100444494
101354633
102426735
119776675
172033352
101274923
102040630
103949984
273051755
100030778
154669115
190127285
110677317
150708400
100198808
176767490
259614671
144959062
101258362
155901131
159484551
256900243
259517115
210050051
101440043
105092166
266689245
167167969
242711293
113841618
171806372
193373587
320013849
100000976
103756493
116193946
131494666
180752746
190334781
192444448
213818657
233930322
265585966
120059350
108870971
104889168
224518778
100775350
174351161
100325027
148383175
125878613
260546692
250494846
100778429
100897440
108931413
113542314
113551555
113946384
129538968
255995912
100424146
102840628
103594565
106639084
108225924
130419318
143515195
145949453
148635466
168486186
180956469
187798897
193731927
204488856
228187802
228454471
277697363
102620614
189488306
100340532
108751073
100110641
103403602
173170416
174717149
271685714
245000916
317517116
110099415
232055277
159770386
201481724
255323393
113916641
191172089
211962276
100045091
267392287
100193164
104943062
188297189
101772446
193501794
252544838
256749446
129817318
194166147
231590439
234070836
178163094
250853469
109385970
122736492
248745337
112515216
201910837
205955680
101941191
120708957
134744304
176723798
212413895
255778050
287332605
104794564
148593365
176160966
100398521
152281380
331154631
101167030
101925502
160501460
171241175
217283469
158444652
200162090
245897685
127010553
184453956
145884599
177123554
102151030
108712624
127146849
263358497
145718893
333819184
114460799
175579422
113334644
101663990
107895416
144457479
255929730
226641377
100187257
100258733
165439073
170585031
204271957
100725910
100845207
101962968
113752442
118270895
131277577
169233446
204115786
226556139
251715908
111492743
105599772
208926587
209409206
224430789
272503106
111877518
112292008
222002839
198102125
290523283
167355188
312776129
113628582
159805572
159818373
236049378
254576211
295203962
158699143
100846779
164716207
206546907
217417995
192076445
189653113
128203554
100018592
119758556
150320738
103585873
101405007
105128013
101299768
193707870
101168634
157012093
207054542
166267306
171131964
100854831
102681708
265492563
100348621
194278866
119240469
136292611
177933122
207341036
228531084
237692624
281461063
258028241
100167135
100219355
100569929
100647100
102763240
107727105
159143887
161359435
167462561
173441989
187439219
198831383
213687246
253969556
256365075
264391942
266037520
293116991
309359669
146302907
191466018
100202519
260151893
101607309
223128455
100562163
104873243
116110082
101819496
132678472
100116265
253788842
205964641
270745162
113760446
191371235
102274096
148937797
175909488
176642512
175483176
100171808
124576528
172711052
207785094
210955148
185301994
180739234
256446901
230998614
100000458
100027071
100142343
100779682
104115596
109772130
110893255
116552898
116734488
117370962
117736809
124613531
163274622
171641893
176941544
185358281
195269820
227431602
245082349
255072839
261467842
269055507
278411909
288355996
289743762
298594477
106707203
104097323
113926907
274521991
103126921
119485971
207658333
100214887
101338858
116600549
174892612
181617469
239324365
259578694
269144880
287714168
300179884
228431062
250133254
125543615
249876591
111431049
102305457
110729919
112881621
190221754
210956582
211191210
185231371
129808003
182406215
178235057
155859848
238376253
108911924
188082580
278786034
172433740
100662239
101891916
241617354
120382762
175485337
111646121
112922951
118537691
194256987
183526076
100708687
112539500
254287517
100884944
100012079
109075479
160048581
161958349
205868728
213907023
222997368
268860807
275099074
294146149
106231375
203415385
107609833
209715054
255797758
269473385
117932871
320284782
187279060
150631058
100111785
101630957
107901027
118843596
172198085
100000036
129889182
135568616
138099103
289168949
103259051
111832188
114051188
156917155
184349455
184456365
208681666
212563646
114677802
109904341
112670642
123639711
132812582
171319143
175023864
203488577
226957787
100322703
168188058
100530628
125843225
180954416
281097793
193218363
293479660
100171415
183426012
169311554
119101704
294212917
105154351
119872973
247739118
286740429
296997494
307241225
307761685
100006393
136095442
166480758
209024209
164627979
150203234
172688549
231749119
315241616
104841790
185438170
248233115
101089388
103349914
104575332
107199486
159326960
168344913
171294730
176352423
177016324
179145955
179658253
188128099
190844233
194897684
198277594
207449050
210599748
232239705
257598727
273954800
249530528
173684613
260742024
166098784
255123779
294161249
226448595
100889262
101034725
247640254
101970638
148990907
157633041
232427469
102601906
136323901
215924510
141126610
167683808
100127894
102633842
112501235
175918998
180945087
209174058
297061303
109335930
231644147
108629962
137131725
167358036
225885243
259467994
100049662
101540600
133649812
100721146
203760412
208651065
305302099
177053335
114018807
100027643
100082095
100619285
100864725
101271329
101405401
101451059
103390061
103520672
105134591
107509303
116794648
127318841
129689312
135341326
136313932
148548789
154113208
160711537
175224678
175817767
187899447
188903632
199041437
199710637
212462441
212753278
224429803
226490343
254108357
262316002
288741847
231183985
134766673
152377555
263343512
211061962
102298045
218081038
201967636
104861064
101773781
110319951
149873037
308153694
308825685
219857649
227433924
272597715
303988988
109036081
258751253
105373791
203099855
184149656
113664578
175304707
145514895
313066331
101002111
104028422
100504745
100089446
286089175
159705629
159933320
101916979
103990190
310793388
199668094
103256823
100020499
176494737
199121411
185515477
181531110
295216347
117136096
287338925
290449003
175313879
180772029
149426245
103781095
170072144
154938436
281570056
101433408
101575602
143776080
175024854
268254425
182797457
101671155
100040569
109847337
111283003
112679257
102038952
222732644
219123463
113800334
184192113
101203882
194984295
120542618
100020017
100169496
100476944
100563086
100681299
104288664
110699985
116754041
121537363
160178417
188521240
206382628
206872543
222294367
239706807
251135472
256443545
295976178
124689232
208224920
122774166
204388152
235105065
104696219
191359205
202527542
249587485
110849232
237246828
128781630
119274324
100208513
117180001
200509895
100505369
244130737
104799920
163523118
167311994
202535389
100707209
162312365
209545858
256810997
190862698
191823817
107447605
186318347
303180894
226287737
132661275
147453383
252091160
174109155
147568247
180541723
284292161
297147002
101908184
122700122
100441004
143826286
114697634
141201665
100019041
112017352
128899303
136101229
209272059
226149861
247790487
272465172
172105363
100689153
298537500
101753508
138018667
101943801
100285881
104500383
113066462
178656169
115699146
194017285
104755511
200501339
221540998
223849552
248483375
288609497
100507923
100821971
224412938
280578919
198615718
236066557
104874761
195095174
197270114
101309020
119969282
128095489
134321388
146143202
100387814
104068136
171512589
103093781
210504946
100154832
100372005
101040347
108874022
113321759
156289458
174351395
176464645
178903018
192233575
193820679
208195903
217780611
218960908
283511891
294789674
307600162
102757448
169995913
172064132
227696101
100163653
112688380
258689239
169350048
117256193
108807355
118511031
185386024
205309933
226253162
114670170
101348407
113000778
100278491
252944273
109290707
119324595
100041927
100948018
123314464
260999319
109693520
108790421
166040180
259103787
101232397
102508647
277960581
211853197
100130958
102953644
186147020
193209985
201577928
252028857
111701872
294122229
191623125
219804667
102491080
132192234
213950446
128456725
129046592
146988131
147785159
201034686
111573854
115950049
214430860
286387591
108653008
111001946
114110691
124477781
188601301
249992975
252571840
288611219
326097072
106370427
103002952
119968917
189358156
190863659
266717578
276692005
100690848
255498458
245533862
109900400
201858599
110147333
112822352
211994690
213225888
280456644
109124628
100699681
167132018
270961120
227708686
101593485
206653909
197262395
173202638
114854815
126947815
217528383
230939514
103349088
100367393
100619459
100925576
179976336
242799550
312719212
274197612
235528403
100606595
110934878
100447477
259713000
102073739
216737333
103969072
119886623
115373567
147105337
159039198
137868798
180039624
231253262
315105891
240080493
240370146
100364383
100760987
245451003
276246819
292001711
110535796
130121855
250196808
217750357
100137458
149492929
102675871
247590380
298371047
173863216
298489225
194935845
247176001
109998672
110115931
130561010
100101029
111760485
101559753
102254834
123137781
152288500
182613454
242077035
250401378
177937825
176209651
221054125
100458152
110714323
112617159
116801728
129392872
139113629
100027296
181965442
224540123
203213917
100161045
128813251
158856152
198379053
100432840
100007602
260699560
100629580
100687645
113310334
134506707
137846224
144887317
250266619
255238459
289850163
157763830
102065046
148986230
168832448
140988058
337700510
104824871
109354543
110825146
146625672
146797982
155771545
183696735
195909089
206724930
244350098
250872676
304688373
170890729
136259232
213244716
176076396
177308591
283524844
204992746
101462922
102856661
103088205
100131246
186461013
240811867
122463866
100455937
132673248
168538109
171714813
210550390
259288366
102410089
171549517
245379066
269786322
102593278
176223649
220026762
278419450
102728777
114507823
100466263
159909738
116913706
175035734
208121425
103474300
111258079
113991446
181120206
183438104
204631478
168671408
321099494
102933647
168028076
184564375
168115322
108739429
117590017
259185646
170732069
109891709
221211186
102913761
100627708
101222045
146930891
220941010
132866299
274564594
107450922
101074918
129368083
237548656
105024505
184889213
113667349
207535929
100271114
101367038
102590767
103546634
159949267
186854288
218929271
255487035
264847371
106600306
219617024
104603497
103231699
166312543
105845648
101606726
113929032
209267382
103878509
120243990
170115460
216916402
223366788
296217333
172217981
188842793
205363703
226942852
261128649
269954889
275858124
276843426
121867098
127226597
127228481
101301218
100547920
116287376
120497837
121634600
130156777
171892108
198430505
198997376
224186865
235469382
100113778
176503609
248632391
235708636
110969962
163588904
178733203
110400720
115939850
129322269
100059178
100620303
101583643
233556350
112602917
176749862
195982407
206132983
228382454
100711583
201270923
206661342
232213693
214655293
100182914
101815899
148518889
172250312
236573547
244099410
102072348
228019920
261030185
268786855
253477158
291189186
125924958
157750141
165288148
101136744
114887214
213338925
110367284
120029504
100887023
100601855
192507793
246467506
123987268
104046000
144251851
156026674
201016617
219188003
114115974
135128062
159082656
115711365
120178855
100867279
109231033
192793341
135349549
147776859
100559319
114644933
100177941
205862576
111887442
256649234
105135396
227321691
100578325
100058003
112310936
135108350
203029849
235778985
236769803
169363116
100076571
102087966
141269328
177084823
299483009
101768604
251520500
239086849
244330713
101489842
175625958
299137117
319609016
109834248
100431479
133452025
203388469
258985046
264203287
126672303
229061025
234773724
256993463
186696403
120318455
165232134
200952488
100016326
100029378
102394161
126841311
262893933
182077413
288583083
102649632
180441141
101501211
102281834
106222861
113035187
137362744
183342260
217549321
100255841
101534671
286148797
183238116
100383838
101818482
110102426
113220767
125319533
178679060
231345837
245951135
249688836
255478276
256220201
115187486
196875508
218554861
131255018
199092196
104093653
121444448
182501098
235842882
101600115
209369073
175558733
290689073
160949529
283728336
148531148
293980448
100056562
106489703
257176881
100471758
214536204
234885501
266520357
291418959
291498039
174613511
120439207
100361252
104062418
128215857
132039966
138081530
302778764
100242305
100029402
216773347
100326409
177933444
264524959
100756578
103265566
131546122
189428461
213522703
260681747
213117409
130581268
192198106
125031375
107494201
126856845
193343282
257548642
100044631
100057960
100997037
142792771
168479425
192660202
226546028
233346214
241985119
102930189
159468542
101264211
142644113
161236759
111300488
260081163
203973548
108993260
207891819
215402836
100109804
103375902
127544966
131475985
155494369
169412603
179894128
188381332
193945319
208892940
209734934
212017120
257819049
300776839
100315769
123847835
136987641
269649566
199472753
100187121
195169656
126064719
185472358
205890779
255107936
256202560
259950391
100175479
103087401
103550682
105598004
109289552
117055283
187784844
192117930
205300872
113603804
103721703
129271555
179832174
204728805
228212528
109172017
240958727
271894679
101873690
109130551
100588987
108884438
145720249
147619232
280392943
188026278
131628952
176550512
185167249
195753969
295439872
207400129
212055686
241341942
216178148
141411578
175801552
196378163
101494854
131726275
221556079
179657348
100177909
102507558
108250820
110144706
172795857
176996552
180019935
260625162
270617602
136396520
100041363
100537494
105139121
115733983
163594267
104548397
111516942
100714504
109253227
111455866
125468517
222448139
268395787
203780750
220749253
104091265
264009175
100021414
107932237
135078748
198133295
177777758
102513087
110990044
113960563
221071132
270410102
108423862
115200053
131527563
187456265
249823631
251883251
294839410
126578779
173739933
205261703
114133710
116794125
156370809
169992623
102601627
141905688
153944531
186644633
254206826
260037809
100040151
103548578
120201300
257058295
267867337
101229578
106983643
170457943
199954204
102316971
124888200
120681338
264113465
127506833
100046406
100164026
100262703
101029904
102635068
103284636
104552203
104684777
105065758
115853189
181933207
184854405
190805996
199604203
244750295
260896240
203337042
158105792
167448718
188626094
258332523
101813968
122577726
219645447
173856626
175947499
116149122
202046725
209749729
253096615
130196756
100647639
105104461
105605287
114413539
163129093
100637674
112251506
172013659
181543599
199263060
100101540
233611328
100043717
100608549
100713623
100927508
100999349
101105880
101609755
102892140
103568465
103910879
106004205
106032200
106943289
109332852
109800286
110030508
110679907
111961756
112088817
114577159
115380095
118219390
118960585
119984113
127728986
128658799
129458988
134445553
135409421
137471873
138939509
140126541
141264046
143296341
146110229
149765528
154182522
157053910
163476630
163661480
164645718
166927365
167089472
172414247
174346372
179174830
182952645
184112597
187178972
187842747
188075855
190713695
195128139
195616293
196726289
197897568
201297140
208086926
209927041
214220685
217573105
218620422
241942563
247905636
250263053
252184197
253551729
254992789
255140593
256428880
261006972
262564799
265815318
270554554
271137063
271552214
271707350
272975915
278498263
279457855
281652596
285614178
286898501
287201727
288474821
289283522
297281864
298432875
298551984
303744155
304043525
144905090
178266891
197460130
199554541
101902024
102702714
111098527
140574297
142698341
278197028
310384098
247907738
203853704
100068636
100078185
100258496
101510106
109035964
123118126
167450769
175891209
203999048
101234082
182277259
138966251
213628300
121929982
315131487
100761807
109780485
134547886
161562624
166193271
233095229
236351697
100026173
101811516
118494776
188876162
189813698
200203124
227088898
229713056
233697378
246640309
181073685
100448661
127831489
109453289
100867466
125837380
102863087
301570551
111148273
103899745
101278147
103719815
108017451
129205963
147501397
213080906
220148568
223025264
229835075
251786374
256858376
267206172
268728248
281404977
101898245
189205818
116345168
104219251
117838841
123821806
230065450
257463934
100712763
123693575
178889953
237572992
263510595
184531602
160312087
102253567
153431939
202787640
219755054
100112283
104319774
188296354
100654933
149300588
115726849
184171741
279040814
109222453
120749128
150767543
151112743
199335588
213530121
242967784
103457765
135239630
193008605
102254212
108767644
237143434
106193117
187692674
112549051
112706377
120694860
208814495
225950188
230728617
257249095
266909472
331171731
125602930
197587549
100572353
141998097
176379521
227010516
101790049
104771946
109738917
240455007
100211220
100298591
100310369
100393158
100515446
100743921
101486125
102272387
103077433
103490396
104373420
104390002
106867540
107127127
107236081
108605749
108614335
108685920
109946000
112182103
113958526
120240129
120480583
121169439
121212051
121257705
126888224
135155368
135654183
138511516
139622750
139758199
149146257
150218501
154477800
155863978
157249862
159134694
164097913
173506252
173767421
176237728
189458147
189680531
197855462
198359846
200173315
200372275
204084865
209564663
213436717
213953812
220591414
221179890
221474869
228296747
229800560
230603836
234530503
239811242
240124965
246841777
248824398
254775658
259734631
108169368
100119630
100786123
107157267
116988816
207301851
267785153
110131124
112908589
119629005
173184599
214041567
158249105
227147204
244163827
299345337
103783534
220249568
225179595
284651732
178856439
152222564
243949541
259533880
294840845
300110418
333310138
101327070
101628766
104140969
111437162
121334082
177768942
103546549
238586130
103102555
257755728
109510299
109877875
129878338
154563585
207538320
146787208
150317728
253030732
283816994
102481843
126826450
300363971
103222462
204797896
109872586
109638147
101885361
107434028
297038015
100040301
101435004
102338140
108417407
127760087
136077847
136336318
156181677
158443137
172161654
168056089
204679635
117525941
181354149
193144324
104290245
116081891
119057636
170529262
101605660
178472895
130456974
159784699
101405897
134219125
144387259
283946196
244174675
102028675
297908618
101442262
100363348
179014961
191369323
104469226
118447591
122166787
112009772
100020800
102068608
204049307
230719322
296461242
100044680
120586893
125440629
194333028
223071036
167961085
171592903
232419359
254943383
299595259
100330528
109340251
140686023
152180592
166086608
171454038
211907219
213348704
220305487
286566441
306345465
215105117
104704145
171441087
219900671
219905753
226048445
100626314
177955855
241171616
116230042
253288146
257286096
262031692
129015656
150067411
116477044
186066013
237415571
105422996
111603460
249624308
291631706
119913579
115505298
103375790
106330333
114051077
233833250
254546279
313999138
101502889
253579416
101268963
106536278
109859206
220858212
106746120
113209771
113659933
262302199
107624035
125549251
127109745
197412311
310379321
101248017
137228130
157360385
260232445
213298837
149717145
100233310
100376922
100683724
101267514
101670993
103499965
106151835
110733506
133116577
138108711
190389206
214100850
102073191
109605437
114447994
125646889
126130497
128693741
135102990
216356724
248585725
255599976
288970128
193491900
204488244
100246616
110540063
134566596
164603371
173783322
221870256
276656269
101218186
108742731
110570965
180584708
160490848
165232658
101042473
109888001
128169408
172808815
271376078
123001478
100318938
100551693
109042761
126102057
142888585
169965192
263032523
100507176
109253488
147111920
157032904
177594851
216175956
159662697
185389517
100004326
100038087
100073254
100163681
100236668
100479945
100561270
100643995
100644722
101250267
101269350
101367878
101464454
101572755
102271404
102381986
103426639
103819972
104803925
105162454
106962930
107811154
108214404
109150235
109614839
109775936
111583607
115877415
120007179
120733017
121136938
122352625
125472217
128092093
133428401
138421053
141129000
143663783
147286849
152439780
160871067
167776131
172233244
175675023
176288392
178174006
178584326
180224569
182196127
183041214
183326571
184396270
187952175
189579968
192326431
196710049
196808779
200261212
201171852
206062305
210133471
210440359
210728854
210818790
213176936
214951138
215807954
216864621
217256740
221692485
227637233
229661525
233162569
236265063
237986393
245689605
249587906
250400846
254887735
256463638
258403190
261151571
261297586
261607774
270779981
278691106
280144028
280497465
283115092
294093383
296250909
300553286
111049816
100042767
187083898
230965145
176552445
125766953
151024215
102728900
169783973
169827657
185337065
131817219
220267945
110491347
177815101
182104800
182656877
150799437
294411593
117877894
132842188
226020217
258589927
266761626
218545109
154844803
199229032
236152922
162076869
185054809
100137366
100357262
100671578
100750880
100765794
100919438
100981218
101168681
101293559
101355396
101486790
101609543
101636186
101656057
103011543
103117729
103225678
103638820
104026531
104798235
105103226
106300495
108524630
109110802
109293238
111118608
114478544
117976399
119406219
123793301
125300825
126621737
128003010
129366382
131729308
137080585
139684045
140171838
143731619
144128805
154741513
164791832
165075638
169916961
179966469
184079027
185787644
194595584
196112267
197636180
198337847
201640654
204598076
209236893
210264335
210588202
212881742
212956154
213498328
218457236
220839568
221814655
222518099
223601402
223613342
226945127
228257581
230647255
233093988
254987443
255119817
256465935
258398705
263769110
264486768
266957972
278483136
279011626
294833008
297043346
298075806
301315189
304951569
324878298
333311477
118033718
176598545
192433846
246492427
191161419
200264171
100709242
132984929
112834177
168171999
196183129
185864955
150946025
198886900
205218758
141129528
101410470
152728824
179630381
102717187
132729734
180850678
115802947
134522477
229250474
297589983
256225561
101598631
276757733
199583251
255135689
291150836
101388059
104447366
115791070
237591460
109772291
111171002
179942492
212042934
271406737
122210079
196783680
103924396
245891515
110280851
107408161
100003516
100007615
101764520
102001950
102818854
110930371
118901253
119303005
127309801
191696180
239823685
255695371
259916120
107814796
213388616
245346496
104423710
186688197
186351877
197612021
256387201
235102373
100000205
101974785
185916869
232385611
218666710
100187085
203749075
208646306
304775503
202047627
142877665
246675560
142429164
213952833
237616750
217816113
100093133
101440202
219681699
101867769
254118887
129402558
200234947
158894285
100800980
239787064
102077455
114981793
106326647
123825089
170003431
107407147
112774767
114822776
143404279
221701823
278877609
337683323
224945926
203423739
266172580
101804783
102303529
108662052
125870679
169809388
250237138
124780457
114855794
131065944
242897780
109964972
128248664
140457435
233628108
181318047
100266820
107368581
157781550
248854407
113210450
101308791
109409493
156853712
173681726
200160584
128649502
123224272
184514247
100098477
132047613
188684500
100028294
206149652
101991098
110654936
144506342
242124397
216187040
116614933
101429790
135749390
100234177
100569119
115606677
116717528
150289194
172967474
186169034
190523153
191881101
200269485
286436200
101373538
120551876
117297831
127505934
108155743
103333322
147799191
185261433
118341016
174632729
118694303
186670483
190219483
135881670
100657677
103406159
102783282
189063474
215253072
111452584
204997033
263114801
277013571
