217176132
108942207
277620925
217141814
106630011
140712527
100707692
228731910
234867022
232945755
201363892
113264982
152062747
244441482
304613981
111149334
100637675
255662570
241862025
154201540
200486232
337176005
246811521
103105437
144152027
237847776
275078533
179168886
256384285
295688492
259240928
101010823
193290068
227459099
268854552
169099588
238268369
248206207
211688837
112258842
198673166
185167241
277795775
111901279
242075773
261631569
273715555
100338364
228464863
189419868
223420350
300921157
161335864
247607207
314841392
334318939
149963596
311402353
227595685
178541488
104080210
172045286
332658457
124123210
325106087
211019050
188666686
287363377
303727702
108071805
334680866
135929386
144196182
189564566
286081983
247385509
215127648
222595178
109298563
303093042
194704947
117173047
187628880
180724485
262298278
249485798
291974099
101408378
106039900
100181060
233130483
307452475
177784342
100461840
171650335
107515065
108210138
270900256
101909331
310806594
218503580
284066613
147271528
220608233
193525976
274179399
196886646
111183657
245505927
210948474
235222133
241025329
295382137
115733283
118908062
339041092
175949409
100206049
101449191
157396355
180407278
174690973
225698339
124323404
102913817
229441992
272946848
257642130
258042240
100467591
173481415
289277800
110917556
133926965
333635120
178374627
183123967
123223429
337193826
157378893
225938415
304967116
293065571
114313558
115020706
255574655
208992849
334505961
122684051
150159011
143920952
177630435
100624438
265364705
112108080
101762681
109121248
225917053
160078277
100196486
213137130
100270332
162183687
120967703
312000312
109554710
133377336
186129412
138390057
102500031
302597685
212961354
100666701
109282159
182926170
251537377
112095058
106540682
267151781
201954627
258472533
332663018
201620684
230483068
154935117
218816642
222545478
235503288
285978705
152944683
211841183
100039861
338430458
113193791
187455689
285870165
241346415
103893659
229296078
254228200
250958440
230797391
282037929
298580869
252818387
264628837
102595358
177534559
148883874
124362231
303695065
186091229
213680631
256974900
100692141
155879531
193844416
198600572
303590426
101563801
100871286
177000315
242232541
136664591
288249164
170322311
247683591
285780327
337890422
101957674
174935989
174933514
331730548
301163690
148866653
281773453
335805595
196070685
156735558
256524948
269004534
258520131
198278859
149884578
172974272
207491421
226313822
266814638
294941257
280531619
115941484
182918558
192743466
193405857
213750324
110013181
241116977
231014600
152122192
279127915
203169539
128721311
258600730
202500444
188089659
156936968
101649697
100008888
310801801
183382450
197235846
114669980
148660448
208294813
339375422
311864614
108323246
235294494
109640715
112685360
166023957
174570842
192206305
217872096
283014851
333239552
336402072
335763946
258994163
238285720
339766337
286577551
337155455
267317601
170307025
117896715
210762909
290363254
335156699
339062746
101900085
220055395
267573712
111880199
269152441
189664478
100084053
137755372
153627523
105449070
192209822
100966524
256274840
250452940
214602535
216517593
216997464
100696965
229450377
110666537
101304907
243969591
101732413
233608879
102865996
182998016
101110829
109165121
256436367
101433813
103603359
219097760
258731899
269838894
135437755
102612131
216302362
109907873
181707923
212057408
100728863
100829001
186501664
123080105
128288060
257103545
293790875
140192344
250735980
281557865
237698165
102896114
316879181
228650997
194924680
180437804
155269987
122352900
121804704
100379590
117767805
114312241
100379384
188195819
108846060
122579219
110801704
261737077
100225113
100016869
124475467
215960623
269767568
138410602
205131492
130550582
219510200
106363014
111049509
160108872
122384456
131287650
185860761
100591362
288631758
180183953
114415653
195141323
149623288
100171332
101751753
100453705
104925865
185393890
151636183
123723632
224548258
190528147
110893715
100250319
231651611
111387087
229779742
166195911
100432907
255068980
263416105
117095047
101775949
185754914
167034423
213045767
214176836
184261684
135554745
245876655
100221248
103152862
101608779
180754996
109832955
135272549
160705342
178632670
271940791
115984940
124370025
167081585
114210000
131224892
213528843
259719403
269029245
175357221
321232733
213973636
267803548
187766427
199472084
218266348
101241717
106483368
238867344
215910614
187079358
121975599
111615201
159251821
178058824
185672286
152925778
176573669
201244150
104261550
266153221
179647956
203320223
256625435
220621492
158373991
112640326
120347003
133399949
177880135
101035575
248388464
200415789
103786173
169313067
205237243
103850059
181892090
111669617
101901937
100355489
210493588
103964040
296761398
132157612
111414072
109526682
107671406
100615203
101052006
190064220
101161489
100029650
258096818
100624309
262825780
100218379
102115165
262730026
103139441
177107857
240138229
159967331
119929507
103877694
101206728
183580257
107576129
100278263
100633058
131239108
234603992
102145540
149378972
111586792
175156758
121851867
140449395
103699339
213748031
260974915
225483893
101946806
209794180
144327796
109445045
238192099
229422481
101341673
291853844
134039700
101110927
100627760
172936776
140494943
167747056
210912155
235861580
213611162
176327038
171082204
102438036
225005180
155298777
121683736
101036339
100123940
127129626
107285329
108138776
108595556
101552443
157305465
168581122
163291268
174285416
232240552
155041186
189189201
207725296
157378517
103591761
102066555
101251754
127367235
161093688
104637385
178768986
293400100
100095624
101713520
110322345
222995714
184620485
241024342
100178186
100493506
132581538
103248094
110366337
115426739
268970300
150591632
250855542
266074397
102464164
107730935
190713513
101733597
194413340
154781965
114427390
101483495
163778022
100536932
101791351
285337731
168801950
277451975
110228084
100731205
166193140
206162162
114675759
286286588
161890551
100433809
108584960
100671043
199857230
151632921
277770254
103040544
144190211
263324201
100037895
101158644
167337132
112906018
109820998
116811265
175750126
102642459
101289581
130745901
103486420
224054747
242258759
173752786
106654178
159877571
103517848
247019890
155805317
199013641
101556218
193178923
104891347
299665177
100054970
111229133
158027975
110470921
117308958
108852207
101991890
101953457
199173324
100243798
209573601
165107438
114202133
250403095
225197681
113471138
129078414
100053338
146848231
114611596
115758803
219384683
221695304
232542762
228480437
100604964
104027891
101644337
194815183
108685202
182519283
219891687
222441218
107738454
178946853
174231465
176333500
251625733
114011305
256989642
101710344
148532258
107644405
121900692
231353664
162076239
238582718
110127957
228412945
111259690
101403256
179954979
107677106
104296190
125085723
103776978
109133024
101040938
181686620
110411751
116543718
154756000
254000342
101120561
103464714
110181860
177044573
100236882
156780783
113283259
104438662
269874313
316571529
200663437
101443634
119289857
309130846
324333660
123752970
154031296
103784594
169028124
100323750
198306788
198361144
150418088
150300395
222889316
232147325
103812491
270075574
110122308
185022276
244825770
254186762
260992537
260802847
248382510
101120958
103972279
115874816
252545261
101263912
101571422
185459132
154151058
175587857
288740516
119661224
102357430
118536448
104587331
199117221
109172059
114656097
110470123
103591488
100060262
189869873
104097147
159479311
110946302
100679972
215158898
127520577
230745786
212515514
299732675
101737084
118145431
125683171
185744008
102559193
138670203
230606632
135992804
191946312
211948576
100750604
164450309
107051717
101829622
168328122
129111532
100052040
122383514
183557688
187573534
121071098
116836631
254750336
101794523
118986289
100328725
101062584
248959874
260770185
190879255
216142930
100055357
188011168
151226140
223342663
100599079
100010409
263245812
110005218
204354450
109023549
304123197
100241566
213182944
233079985
255383884
138772302
259961428
162531696
101486522
116990017
100254435
101218877
100727539
209409379
125451103
188384720
256701543
100043142
117535033
102416995
123456780
102152722
126005304
101638510
104068394
102615120
115512803
153600633
239833256
244750929
101386676
249825228
102380453
193395308
135556830
101808900
146228940
110806716
249794646
101666309
114493041
116097784
100462267
273798879
129077112
125433498
158672570
218254319
100968349
110667178
100014780
150604026
101449716
109118845
186736197
100633974
186077505
100554656
126057437
204207188
107145401
163901971
247890976
101550312
113474281
293854848
255399513
100013227
107398786
211131260
209515428
196891798
156697525
179396500
214514218
129102820
114993361
157247387
101949108
204144402
118946155
217547968
177498546
251185659
101989007
114005230
157918436
100000679
256429711
101044106
101675306
117505856
202587435
195715925
259936467
100119774
117877734
100288469
119382558
200167799
106281076
101946783
109686392
100447110
101026194
204487385
164760727
239506819
102392432
167030394
209331154
258379361
266958354
100397767
101256764
101279401
109127644
150838873
110064838
102084307
251589024
100162931
261447921
109955294
105634723
117533902
113888935
313744664
218776507
101277171
118796590
170986618
201329211
133039492
104401762
103446483
101795126
321112157
110078387
184185109
211971997
103184801
100274441
112426908
117419870
195468503
156676609
230860973
104953290
198785563
235429145
120654143
249738799
263842515
103889701
152263841
120020450
236899677
147396979
100001654
167497823
100601231
203929192
108591932
117077224
139911714
237067943
156651124
203038380
175021067
213672517
100000536
223702147
101890269
119404197
318623103
137459214
120456967
100605483
106203268
128742065
157627524
101128343
139131221
199083527
254645695
258221030
112453682
206597903
194654985
100180801
101614749
101841187
107252516
107815845
115121631
239772363
103520421
125907816
132142938
108786236
198959743
106609594
210239706
129446448
109924948
137829857
230517417
100852937
173304931
232194673
287555790
100005092
104873683
207488787
204434259
102129935
184411775
100081723
153618845
100213182
197336859
235268507
133679947
187337588
101191560
245699076
101723395
102349191
108898144
101398259
177499926
229901814
100354822
100154688
128130599
174009972
194671529
148569362
180159032
184903594
113197283
100889818
101088743
177687937
234622511
101611524
108717010
112963445
202489534
163308515
154647184
116786849
192929417
100203764
100152709
109696877
126848227
109474599
190297540
292752053
102436441
186580255
159918303
186120299
158684961
192115223
319675249
102900073
132990115
198724078
195274649
308154243
100715870
133959969
277326109
106825167
167591248
109613787
112678184
124714936
132275606
188217316
207185812
113460938
193454661
203844080
227565429
109314272
235002272
107211585
110784579
126773333
208446595
213272322
101154308
101601174
191428197
254972861
107540352
201435758
136453303
186426917
100328317
110955689
102092872
228331976
100005059
150135494
165950019
256902536
314149059
237316349
145768943
109470279
101275242
106304119
100277064
100290802
210371503
100003313
100941696
101567647
101700348
104571388
116561512
174986043
175551225
199076658
218507522
223873810
229203842
245205477
251171433
147529583
218973372
148578573
112582366
192983747
105949624
123115040
138836969
185335144
199763961
115123259
100010547
114822277
199296265
101604028
274290368
108915457
121917576
110360584
100305279
254621194
116472981
229248577
268903542
151974654
134617714
101323068
114520275
124672416
229455880
103538981
102196945
132848002
152676165
218584552
191613766
232224283
160319789
229725890
306049863
111599616
100620048
171102866
198543300
182714329
102775588
100000152
141141333
131439782
268895381
117571491
157427240
255702262
107194868
101465449
197124085
197741539
332559972
101494692
185028382
178124642
224351563
190833783
251490137
262113800
232792814
123633563
114319743
112290115
188358490
100560083
100736601
100742254
100901960
101203608
101491670
101605358
101674682
109221698
118767571
145984331
180368505
184637665
219624597
173901148
253318314
296473097
100036708
232960746
105117210
108572430
102456770
184369903
165038579
211496534
200126256
104235153
118182199
227076045
104886451
181966524
201315437
182266996
101389523
111145164
124734910
198617649
116645214
153529405
101270496
264408200
290294729
100026305
101051106
126580786
145241559
200581999
270611645
256422456
182598990
267208661
147786886
104764848
107455291
183153062
239003758
258042813
179644463
101725250
147494772
132234544
131484479
100051105
177951321
100034781
111466167
115463731
124250119
100000583
134370365
222180635
107351701
109037221
100011523
109067677
164746116
101275395
100478640
197001781
100589684
119089371
199166085
101568926
195138742
172245862
253381577
259050531
312997158
100609292
102696918
203911964
100332283
273150930
100096395
113122998
205619349
252512483
215423463
104512975
105238535
113091920
151494242
112631253
101480247
100878690
101629683
108539548
256214514
108351659
114460213
106907517
223821668
179966215
110079074
101575314
132408102
215886292
264275974
246303860
188512156
100647607
244528616
219104026
226025075
110337828
114748174
211884189
100015753
168024169
100719759
103906881
152991798
105172965
162300752
247891193
186234401
248329761
114236763
156176580
235623627
104601075
171705588
197182333
212816686
134641514
100124848
315602211
186936763
120121440
123760626
146752221
254024546
100315591
107149415
100202446
102695101
174251696
177577997
146437345
164716264
256433776
123525325
174240033
101963681
108604903
229807358
196778115
222922707
102356294
107492078
242228803
108983919
210794011
100494643
183576016
188387570
217741105
248759661
170305095
155911486
218930296
131591699
102095708
122769197
125758647
111563688
124562584
212312768
100021511
146988410
100943196
102727025
233909943
109072743
100024486
100615862
194433956
211956496
216080658
227307173
152040241
212941097
224872034
120773836
177710821
143328107
100982749
109909742
253980900
108674508
101032675
210607050
125234733
230090514
295297731
176914736
276294871
100138808
102282784
219411865
195483812
101870073
234280905
267862921
101274607
192275570
232961997
100728122
199602736
119156815
121589108
241832720
199291303
101426530
104672308
110816274
127422572
185068659
220804656
110376871
225157198
100906490
100132679
128334009
103949282
100260468
200909796
235773447
246585479
102243371
117007741
118748114
130346531
152685857
156131858
216578266
228075138
252742034
314111120
100452415
100953950
102206733
114330474
120810432
176936424
198282234
222912916
203710939
228922288
214343810
176027989
262089565
152372841
170185577
109421265
108627694
126699037
181561380
101646761
106600744
133144385
108917908
104628914
133146185
100259106
110866285
155311624
102463324
107736033
213246873
128628332
190347739
247954953
188911887
248494526
169197004
115681694
168682312
131590456
101197663
102396424
100170944
101445617
100225798
101687535
116461073
124103614
137316935
266417218
189415560
110896880
142039271
192557055
101423828
100381439
176261952
111076055
100159342
200551645
256556447
122056573
101574699
174681484
183356770
247151105
216180115
109316196
107178218
156166489
110924237
100718459
176317348
246173940
105783703
109167266
109186293
260282705
235462023
261157988
108993300
111954303
154738720
192287357
106082176
103531229
171540947
106571909
108966832
252937186
236250344
100165180
143362526
157478286
237763466
240776859
100887127
161089510
110621118
100635128
206705109
100665342
100683166
165631180
234661408
100288273
292772018
113881816
100365094
110948808
121558874
148755558
166666661
110795463
104180971
187490675
110715828
112205925
170842707
101870730
103059092
103192182
109372626
145160409
165503436
201149134
212414141
279207839
101774929
100050221
106473916
193945372
214680662
182485874
102145833
105286216
144797293
217583788
217592241
100153256
166038379
112378598
183696929
100000587
101847594
101149536
133264506
178454396
211934114
107426952
163525773
191618693
249241307
296411218
121677878
123012880
125914482
265173673
102735655
104078556
106338762
125730791
133103252
170491868
178868864
191070408
215150434
218920127
236776690
262666798
272372727
182301775
177976450
100081896
173191738
101337642
214497818
100041257
100039382
100101343
100602949
100613724
100703835
100795723
100852537
101092877
101356186
101473380
101506166
101922472
102395154
102657448
103298208
104948159
105026297
105028848
109016097
109127617
109451473
109723139
110978358
112887515
113004728
119671186
121479647
122394814
137039900
137152557
139512289
140871173
143786741
151355902
160491804
171457264
177585984
182997976
185079140
186248430
189046789
189346147
189409253
192212052
198362871
202045021
212327018
214245163
244532900
250911257
255067354
256559451
271538796
105018895
142566845
219060000
227750792
103891144
105700993
125435377
158826848
238552376
249505827
128848426
100655361
100925077
197538657
232351809
317111375
101539165
170974314
100013111
100166474
105502356
270445317
108923756
133509746
101654258
139268047
181290090
206773799
221440084
102673420
145481482
100991941
126018172
269130715
108693137
256775361
146608855
193061453
100183286
109120884
106238944
270934248
111047287
101790224
152808998
233166527
132283355
100752558
112334569
230813444
109222590
144412433
108637936
196850228
215069707
100030989
100913837
101053460
102212438
108821807
118803756
170358156
189895190
223931007
248778708
104303275
234867278
100111749
192489437
173154941
187127923
211392319
154632021
116478118
157984592
223675360
100568465
100875670
104056525
127386961
142131386
204944911
143622320
211699210
100019607
100068779
100607090
100688642
101142010
101248923
101359092
102069070
102716760
104459042
109340801
112062305
112241415
115567076
116173840
155229568
159152351
172805329
173267973
185098908
194988275
198305563
209665704
211188147
227027916
227164264
243558435
244683191
250100547
255319985
256152051
236661784
129185953
130618520
233824185
100523145
120552226
100829874
101299903
104021198
118430151
100556698
104695967
301290709
144663628
189371967
117340014
110228780
140059478
215277173
107460426
109278456
100613056
100211449
210278065
101573631
131866392
212433758
233242076
114003298
156963609
195469151
178386535
220710503
266950386
249461847
307901725
112889941
100044607
100447874
100645267
101630790
102036622
102903727
105609806
108693096
110131722
113482641
113991422
120928391
121541664
129616604
137768861
151495830
170969573
269708867
218515055
106371223
164507058
106960725
197525960
170069137
253331585
131757102
110241291
187382385
101304332
104582512
321633599
199097517
100575873
128617789
155801311
217297207
205743908
100074314
106150501
108657741
197062764
129388050
170274877
251474552
100841928
100155825
103090706
108765592
152719278
218060454
100899787
111057968
100239323
100504713
242586776
102293325
110090994
228646854
141998572
175007611
178994537
222108293
144962142
101162004
179407922
179283101
209440333
102922010
112210129
223705088
260051689
205342662
230024005
111886015
195933640
255139451
106268757
127762282
115750036
199136686
209295989
221770780
214278962
100643553
101034895
101288556
111580489
109305458
239604293
101815328
226430592
102626349
122818671
127265247
158568954
101494368
102598453
104972481
106195551
121721401
134388192
147282615
151158411
164986111
170248773
197519063
260853509
306439117
138068917
160990944
178796010
200107859
216007138
145482246
100055655
100718696
100805615
104735908
182595809
113156224
124120067
124350418
233378698
127993707
232634557
253987635
116018477
269781021
187537340
263703827
100011861
185324518
314087537
105690345
166999180
169497914
173466881
100002215
100037751
100040454
100052341
100065109
100088984
100144330
100231341
100276085
100295011
100317234
100346329
100392012
100435411
100452006
100452624
100475711
100660571
100668974
100669095
100816617
101499721
101548864
101694147
101762210
101866463
102406058
102665533
103641521
103894089
104667859
105049127
106633125
106698919
107477834
108403734
108573052
108833553
109420528
109715427
109862058
110454468
111908118
112671767
113223793
113986839
114667998
115526992
116147581
117140511
117615637
119040727
122889596
123843075
127143231
128197744
130568287
134564918
134597497
135650097
136359166
137649547
155079426
157358120
157832564
158770088
166646214
169502241
170050468
173342114
173682353
175724401
177001346
182066859
185281135
186192264
190947489
192922914
196239986
196877071
198395107
217034329
231166413
231411651
247225263
254530812
290011737
100761201
268684751
126353165
288221088
218428253
101356796
136681253
115577688
101511546
134686625
236016833
100641598
102693182
104421005
149124233
190798031
100519400
115910598
200528552
253613205
108947702
104188572
128716399
288141101
100135180
101144230
101337090
109641646
114602124
109865155
295307081
101252546
109796617
114597122
149390122
245082343
125144244
138425871
179873624
100115310
111103126
163119016
171617665
206915161
257443621
148097138
173676752
176181776
231132342
120224952
175492401
101497198
143340655
187207261
111031283
205274961
276913119
100124643
100401139
100662113
185743922
244457068
251044748
279637914
109769812
100129487
102642100
179893356
202741987
137319403
191470998
266989429
100529335
107480901
280433841
100698943
150368878
101314292
101485880
266285921
111694349
190811941
249605324
110122566
267525650
119938120
132772971
178085704
100718395
108761444
189837135
101884386
173329736
100058884
115732075
208192176
118007245
104756352
121747315
144068576
220768143
264809221
102253997
193935929
226235536
100325211
212058817
100506497
103092253
108579249
117798586
156349691
222779189
240674061
106296492
105714252
157040582
218593281
104536698
223666833
100038172
132824830
138758892
112913137
138042703
151302631
102367214
200203483
220142154
203936209
109702038
101793948
100245508
104112424
210015296
100427708
101312462
157577778
102623801
123212500
185872614
229689439
280003108
122857102
196691639
177661038
114054112
184274218
222098831
100636324
209310230
103433805
110712364
110544521
114405821
100062546
179984196
265835361
185556263
103762179
114854931
100088544
175546260
197628872
113528770
121931317
211731581
213883259
293754978
101832281
160120615
116579168
279106981
106261269
107894803
188703548
177201536
170830579
193534476
102391954
102988478
110082238
200392532
118550142
206436199
296889167
101217070
212320259
156514776
101350700
281701152
217339658
191627883
174194830
101805811
125751182
211352170
191867197
199451672
131531443
120372961
274828582
100486927
110262501
276182042
102719720
176310494
100309502
210365701
137577834
100884651
101944959
152497055
200193255
159987583
197515857
100585598
109110123
124770084
117628947
168307961
106761168
141692472
141754751
204495585
182172297
142535302
148908917
201598997
244353537
283616905
127662634
182627977
109911434
145421761
289032375
106924870
102283093
112076304
112486286
145906037
134940645
189911600
100392365
289837313
100583592
210433402
115605409
100581460
106067566
159155180
100019252
237763903
100870794
101756700
209722604
193936816
126380333
107446360
189674198
100319561
188704681
213858863
254610900
206978381
100043285
100229770
100357000
102201525
102266530
110288360
213956620
168724162
182939418
106098990
116522619
154617738
296367717
138028111
245515602
100025635
184061833
186715969
199487864
227182900
102186122
202689070
219187724
120001205
210468832
103907031
153538970
168584667
190033325
239817237
248933137
118769415
100672902
100410260
101039511
115729184
100458164
100839278
102353026
102725811
113261526
261974260
191072663
100127144
100208346
181811350
191086140
227357328
191743395
110710289
174830593
111407035
111260972
121887815
176003273
100277387
101162469
109389711
213102870
216242825
113094322
206360508
208983226
256655146
110556378
214977590
100134738
100744714
103471209
107182049
110231534
124551492
124723587
141221077
145528387
179808169
180409104
207182505
217904496
247326303
100395088
101570299
166621754
202768673
270791164
109673441
101447493
177658973
102682588
146880203
194594490
143771535
121619633
103163654
232047866
100766857
101582574
101848409
102515835
107606513
109165759
122343759
125040957
158678211
212078490
256953114
167154834
116176267
104738639
123315720
225177120
178979061
257319135
100110253
100395847
102069931
199180717
229010021
111971517
239843742
199932386
109808335
121002436
175204243
110769257
187131787
161150763
216956132
137162305
107194067
150313784
157707831
170797344
175736176
237353488
253337716
102286375
114263997
131829635
196494120
204127305
225268455
173472458
118483711
137432571
159623971
162937609
100999197
183373296
211430520
242558937
111041864
101120462
103190958
101002797
184949996
214611486
276101583
112476856
121519915
165530000
110534093
134794975
164640927
100252524
120778646
221873333
239836259
137099920
249521161
167627411
164120604
113711751
151865533
174502568
208401232
210503521
247626279
100048390
104703840
126770795
193436907
148873230
238213350
100138496
175995793
258282046
199926008
191463298
100190988
114868550
177190830
225148611
292944423
105199836
124199556
178842157
108254527
103095487
113280670
190031108
224893808
230374348
264097979
249626224
197095369
213429057
117114360
207378854
252015986
114536282
138810375
185751598
113031148
237644656
100160698
101163657
101330716
127237049
173530443
217262634
100421390
101298110
103954857
178652695
111415043
100858404
187030471
101957286
149724814
176555217
179070653
181011082
185141745
256132381
123343494
127900934
242765766
109069859
189464180
151825245
240833539
179636469
257207086
100257809
103290806
188117844
216309461
270134099
100082029
157589127
203648861
228523523
149660502
118683539
101255742
208664802
100031371
102823802
153563543
101513348
198447321
248213935
102604195
100407745
176649847
102187983
157140146
230988997
100645072
103288169
184069099
191175919
203588192
244408045
100985753
232884841
101358252
102987854
110536666
128121483
169949298
100107857
116599993
100016794
156250782
173830752
178514624
101550131
100018702
108609802
129209710
133704558
206604717
211319643
264436614
190132253
149174267
117163807
224183591
159891804
112085302
138979649
213106689
215456088
227810376
263816511
102402915
103345455
103978412
122045625
126590441
213957390
216143077
231352092
102343453
100250136
103776973
104568405
109665560
114658855
116181134
178139170
200967647
275611582
121421334
165367389
221394644
158178323
100432942
101665795
104472004
113547255
119079790
152006872
190199109
193395864
207241146
209072330
135611997
106706556
112074371
209046858
163689115
106259447
110795537
102166564
155404146
248217610
105726747
101429308
103769191
132866984
158886759
220306003
100372826
115414377
149107249
205587657
238555063
239657091
167310705
203657177
150764073
159216405
203320112
198174495
100163810
101674452
103287073
125107671
175831251
307199700
100332746
137904872
146692467
152555715
208733460
132077064
156522602
255280898
100320890
100094461
100287105
118899726
103046424
108854589
116196607
141751191
179813923
184336700
190980674
194232781
214234792
101111092
109603203
164288685
110505071
100936823
111427646
117330183
123022551
144415510
208403724
272488933
308201102
316141702
324948695
100002049
100271571
100557125
102866844
109287040
133716804
139337036
165028082
187165858
188997083
215778669
315970034
100114352
112168326
144301274
100271707
102044621
100795905
146845651
167309866
236572901
225607734
101368742
248747706
262672502
101653578
245245755
193895295
206708022
208257336
101748901
108222084
109531607
121593952
130502200
177511174
231419685
241500093
168603697
103754553
210466552
100517063
100457632
101462813
101837655
102145206
118061694
153777120
166596067
173824253
205057400
100849786
142714864
113176594
224198477
100098156
100257160
152053358
217291819
102626002
120378710
110294863
100275204
100737632
217951602
213646614
179033957
101691698
102742778
111208618
113783011
140406764
177471297
248143895
110497115
166735370
101098172
116081851
121983502
100237706
100978838
115226516
171234685
289364822
100326747
103317064
104818212
117363163
121781466
107996162
109765987
164233476
198611760
198687700
215118409
269883824
107694194
100004217
100055454
100705611
101267023
101371379
101817594
102132210
106210643
107154833
108915976
109898804
111727197
112369611
114585511
114682476
123582494
151161428
184011107
189471763
198529139
204456484
228985538
241816305
255093731
255554966
112822844
100083757
100222076
101535514
198837425
222905696
255823292
294494162
107200831
100256125
100736040
196476250
239920554
109519822
102454587
120744755
137195610
170562194
186142856
210502360
215888177
100894452
102171391
109352654
141186510
144793269
187725823
187938472
189086392
231817463
175837895
222407874
296712249
109094520
312659692
100663171
206705662
101362230
103947310
100123209
162402670
262000011
126668444
151436198
158115175
256408789
101491642
108421490
126421685
172049877
195228856
210498317
283572623
100086746
100228275
100498872
100945967
103257794
104277869
104462340
105046697
109442727
110759847
111500962
113310428
124578925
131768319
146105302
149963964
159466647
173649406
178400119
180292327
181614224
190145607
194183503
209678268
216750591
224645807
228005226
235559644
241035514
247301161
252294018
257365755
145018716
106758797
102799114
100172938
134657635
139038100
268637830
216226428
101560623
157107674
100959940
103795729
136924725
139904192
147758213
169614946
190254962
196297872
198336366
201978135
237072423
250599663
251076252
101059573
102010444
250033964
103529107
177867662
183997434
172632808
187574736
188828182
171969254
100510378
114006577
114858991
100294005
110106681
135514253
151336451
217279448
100993448
120837523
114892327
109752685
226800666
307823633
141899470
145228082
188042880
192668975
210712007
211442154
247881393
206877545
100103734
262514148
172811293
213770188
113873747
100318335
100567104
105669377
109912732
110937866
123303131
143096363
185141947
189818104
100177304
100717125
128976164
136277606
175623292
221525131
254718615
110005808
199647388
100170869
128704304
131131220
244285934
260072943
172432835
263510271
100895969
151326414
162731980
167961998
161745951
100684564
101585447
109899749
248028515
111656310
101132992
251254086
101410846
111218087
209460395
204351471
151200170
257006289
198635040
200183306
254325334
280593336
100223324
112468423
126566157
199248121
211660256
194270962
229561499
100169232
100187887
100752834
100755336
100981971
101440880
101678420
101896366
104629367
108769201
108946060
113879609
131921871
137498654
140465963
150334993
152551645
158596363
175134557
180571072
184175076
198890624
200739106
240610458
255363794
258991996
255504006
157051180
100066053
100812532
116744382
219749513
207290713
117374897
156466432
174863962
100091930
128017851
108875350
222153393
140026177
178604806
111738827
100032376
121904174
164882519
100234455
100420367
100846825
141805955
143129015
152545841
195810858
146505534
100714343
101966658
107239377
107448741
159329388
175675250
211322591
228662867
252963840
269092593
100826500
109884794
199417774
203353488
100346893
100000150
100002846
100003256
100028393
100035937
100050057
100110335
100178915
100222962
100323798
100355174
100366103
100367089
100379126
100421661
100464469
100633896
100745888
100797354
100855839
100937194
100953163
100987755
101082691
101181572
101227778
101317969
101387901
101470228
101472842
101609827
101626818
101644959
101783789
101859728
101936757
102003564
102083090
102492521
102809067
103397294
103528833
103712204
106670334
106737022
107158403
107438190
107971738
108075368
108587235
108788946
109212223
109872869
109904107
110006592
111228153
111995004
113279179
113747533
114586492
116528911
117216439
121411541
121858106
123678133
126913421
127859693
128167308
129853111
130457571
131690928
137253814
138387289
138944579
139590151
140325099
141067874
143690336
143804872
144222405
144524754
147220846
147950859
147961411
152905897
156668357
160612712
166723712
166905322
171142471
176187074
177752872
177763779
178799294
178805433
179036607
181873116
183379546
183663163
184387856
184539394
185915743
187264351
187530765
188212946
189524473
189624367
189735703
191297994
191347871
192169042
193663886
194451955
194771806
195757281
197001835
197921134
199275625
200098070
200645013
201849920
202524657
204241849
204323308
207337322
207939902
211877767
213904833
214152816
214333384
219613776
220243648
227286266
227665361
229784026
230713628
234846793
235592283
236159620
237437500
237531053
237545499
238204882
239018696
239507711
240310376
241952773
247546521
249969236
250386808
250511697
252668347
252681485
255188678
260449282
262555947
263109851
270340457
275647256
276311578
280615477
281291113
286611376
313932673
320399038
321602302
204119640
115154711
135577422
100147905
100651886
188433032
100050829
194168878
213545744
101521449
107011543
169148202
175376235
183749952
199081204
207493676
104380573
111966934
137581346
149916321
198162187
104429823
108717983
164596395
195567889
218326180
197452097
114256439
100213159
102444716
108707445
152424544
100776746
152319758
173456206
100215085
100912275
112752068
116234078
179490277
100291340
110787311
146171596
168126844
100049656
100667391
101245193
104922368
105899686
111014675
111786033
144008639
152919599
154120584
171242246
178662504
179047922
185429179
235351101
238269418
240414761
256230082
262476608
313007298
187483891
238781542
321493670
242997245
105233946
133313776
100135401
100235240
102080618
111948599
126651434
134245543
157323783
163293434
251401672
266630179
271574149
311093594
188245092
174458608
204221893
225694422
102946618
196622511
100084694
106948534
109127747
112345467
112683505
203764853
260391925
140821697
111219500
113434728
115109285
125746129
136173094
148952850
205921727
222002230
256226318
304249628
102847654
136793982
233894386
280331005
103330987
106270118
315542660
193567141
103416411
157753029
132729003
166247356
101154130
213128808
100096751
100136028
100309906
101791206
115055888
132854323
189202736
100085781
111188447
128737392
157051177
172442326
183902403
189948499
230107226
121452984
218785181
100111585
100158279
100234625
100264727
100664393
101128559
101249716
102061150
102077180
106145995
110363800
112900906
115717045
117949458
118475549
121633266
125571901
128840775
138727497
144945008
159596200
167697579
173637475
186554687
193006311
198416392
208862174
217708333
220168552
224349747
228733586
229245677
241199966
242611617
254124841
259160361
270923472
288147848
290982925
316027550
176145626
176734938
290997186
103483753
135390320
160163408
140475778
107563738
101172194
101403253
105684830
126369228
160429364
250281974
256041588
297873650
193206979
100157283
154688980
100378568
153613991
164952167
173245217
186216296
100432108
109172015
137216291
183218569
189735839
193275746
202092392
230412924
233046770
238497956
124652076
112819348
133710320
174292569
218476274
101323234
174177006
123106573
223413668
108033167
122575996
137504034
235993731
100475100
123295177
107029795
119361444
212602875
119875494
132012869
100659634
100724291
105747697
131150604
178346129
198905950
100278966
176854426
100723075
128082088
145000135
257543315
101338124
110005655
110122256
114498686
124764172
128671111
159360188
171722613
194567788
194622586
100198441
175618019
129878501
126140285
191753221
103314550
100120617
100334407
102495997
112865546
116059890
248304336
274747585
100718115
181969741
112441872
221468836
107335337
100511900
100534658
102219229
108873062
122486820
266720358
271019348
236186443
102908210
105502257
109428273
116955637
166993401
266979273
313684841
217474962
100087651
100260172
102117169
104382882
109872135
124939518
133545526
162050533
168843264
171017424
176404456
177256561
180838372
184847083
201938643
228623901
257466334
186488427
196842464
249429256
255074818
222998543
159134873
101079330
101529788
103458481
126902449
158786470
178797975
205172501
209825348
263242549
274418854
109504111
101718850
174167604
295910546
123074270
244792646
113516086
120970957
101631774
194550553
109968759
185697793
100141309
102734670
108584189
293168212
211225544
130450802
103209449
103492431
107661615
215636024
232804846
268361737
100050078
100209733
100472297
100632673
100662821
100854285
101163895
101190460
101476933
101484084
101682280
101987017
101991644
102029620
102136623
102419667
102448224
102745463
103289431
104633276
105018870
105891515
106204613
108977256
109784685
109991139
110451928
110601809
110693929
111203125
112325252
113663262
118683976
126316607
127087392
137885594
148435764
149365302
151893547
155372723
160495755
166054648
172089290
173772858
175556824
178437555
185137429
188915117
188921571
189639564
190323631
191665233
192560152
195341010
195623838
199733597
201958866
207831207
213019011
219962814
224009406
231034929
233741178
234271340
237863928
238274513
238578389
243864053
249786873
250426021
252231619
256349945
268260784
320733574
130861887
123095543
124792616
118442094
172364858
112352602
157189402
178290820
234775610
155517370
259708330
145029740
120660333
100339624
231695620
163939292
100189772
177939015
221232085
130493411
209513126
138632197
176369982
143333098
109432305
153912149
176498895
207371337
140621621
102906969
100088253
116904143
100114354
108871082
100557008
204672799
222442392
117807602
105891389
107215751
107996414
109706295
110303670
110519863
111136039
112162946
113217851
115616844
118721672
119991264
120837758
125091110
135471123
149172882
171342376
176945660
177340422
179210288
193167477
202407985
209838239
215803428
224371582
236034764
246098111
256473059
258265613
270258172
273308540
296403203
103127101
200188315
172702030
208759042
102005258
109165066
255628583
133720260
101469828
182013186
200012196
101780594
101250343
109342037
111953751
227533292
232574386
151452529
163923096
102118356
334893448
100197070
200275140
284223226
295716989
231499703
177329108
178556789
192466666
110099626
115222066
194410537
105611536
118873818
131838074
147247142
174482952
198520133
262069062
138473083
200123277
255976364
260381524
252036029
143845914
108853732
166591241
108650717
183967450
198436572
101082790
111200513
133594509
160857751
268589780
138877872
218083748
152251075
226153535
249518224
105397813
187920607
206622183
237282998
152866069
100060042
217519205
132065553
108082715
254638732
262874573
117056067
100421356
121903816
224159146
257086688
137049938
112045969
195135132
100703719
168185657
179773793
248990528
291827288
186515149
148656110
182840977
109947675
100201720
161788888
140215454
110666809
106316793
136194529
109498894
151561914
240706045
257877176
220385980
104473432
237517520
101172908
150724693
177800149
194094979
197207671
216460595
100050772
100128927
100161810
100302530
100438430
101221487
101591923
105688051
108825746
109210353
110214619
112216908
113873573
116692471
121598229
125264242
128843881
135660551
138223195
140340906
159157080
168039153
168798085
172661228
175062879
176279813
180838961
192629689
194408082
197070121
198971555
201094023
209743502
210359822
213402841
224396940
228337633
260057680
111162788
173768534
224004746
101996054
210686206
124710158
127371347
103262307
106910138
103886667
110237116
104052881
105672093
220993216
254115619
147172140
156370351
145670762
217699534
100572169
185874042
124954755
112217326
250318746
109542809
240476367
100013266
100604227
104189073
125379802
104766657
191398614
103523730
146936758
149245929
158264240
237378360
270723181
317176012
292623158
101436609
239143374
305670643
100854474
132350354
133400090
198302522
286936463
125028945
111392907
152647918
158592835
246052449
248861010
128565553
100148147
102368889
108856344
170639592
192581938
223576019
261292671
273188726
104591897
155438421
213538220
106710641
166936247
104708029
101135621
148128253
165310231
100426423
113272649
203515161
207012925
217333523
241053576
125104477
175085370
226298578
258945438
100010454
100014757
182484410
175628949
157592528
241685502
256774974
101853959
100508721
236509060
250883472
140222483
101460486
135542753
100016177
100211998
100236174
102654007
110874010
116343472
152451916
153815262
154666168
189781170
191636128
208559929
210663724
232958948
245845853
283605538
299772321
336601093
286861051
295263098
109875607
121616911
198190562
100861111
210694154
112219013
100243995
109711758
110170806
218892859
313094609
124978934
201225081
101753797
157999820
235557031
241490966
100369380
206601112
111324515
138872450
213176872
274662240
102157315
102908476
103806096
110760168
134172699
109737121
156468350
234646002
124285796
226625671
249077287
119090878
155600035
215727316
217602795
244767579
148281565
236620349
128230362
151585040
256542437
114192402
100612213
296886119
124240736
101355942
156093400
199962055
229781845
145750990
208992833
100073215
101653120
102478352
103167416
104097668
111464416
112543946
113418561
114616100
129694533
156336858
240381159
257818221
262863945
297501071
144902058
100655314
189729904
214179477
156200051
117040374
198316595
131684851
219946231
127266462
127559453
212148884
104430021
104064846
145641061
157120851
181948394
200569714
186998059
100945543
102720105
186733852
266493070
270801973
196296422
111650638
180765170
100926813
117458785
121490368
127221069
129230374
138463771
183862838
189714195
113398987
100565877
102066938
106438551
121139865
221405672
230050840
187130605
208638859
213427292
282761818
125841668
151098994
100888827
102944190
125707696
217413931
232957090
255918139
100459535
102987003
105860617
166116083
187320938
205588140
290270673
163049100
106476784
113295403
220314698
243291736
101453858
103752470
242510913
199166022
114478282
126990158
129325878
187155387
226340622
103064263
103157694
110268091
112263567
122020554
195127442
231147858
112416826
123169443
177095028
192854851
100941448
133153296
191527334
198995208
235123631
199047246
101783969
118285059
179012683
187245596
102757738
238947407
208740859
211939659
102650312
156804849
100243721
100253770
173840858
176373360
198923685
250614887
272337216
280502233
291001627
292057184
106461632
182487035
238611527
105839329
104936086
112444108
180581025
101725486
114238390
106581250
101741838
101815377
103524486
107557575
118644456
169207202
183188765
209400559
275510914
132687882
104702496
109925945
139670852
142625850
191062514
193192963
208711467
260089794
263599022
268329987
295659675
190905524
211683402
149747163
100227770
100845956
109944983
161782854
219395756
107032595
195154507
254120476
117118616
118439853
100293840
107682158
310338393
267121422
204964812
109183297
139693503
178917017
248183386
105771946
102993082
163164311
185502812
192177399
206858265
113933146
110728796
115455888
155896169
178751317
192365772
223785815
157129178
119701515
125239154
183251011
191897490
195365840
263583597
279098437
102845726
124095691
236693954
100464002
113889024
109827368
114330872
207339099
214418552
102069202
245803270
111223950
241880796
114064231
120944883
163943090
175038797
100834647
100091498
100189795
205616890
213998282
253629487
103916343
227144434
134196862
209440955
249859939
100705238
140930055
239229580
179042885
193164425
229329729
100618403
114778628
101532537
155148142
168222416
195138070
100062735
109940028
189883425
101213130
116883767
132545460
224040257
113908214
103068560
103875020
109136797
235869927
100939011
139539424
245178706
250381030
276836226
282354216
181448137
117394498
120274507
147988422
175333126
263783680
155579469
108922329
121597045
179225223
167442400
130062848
100177723
108284452
118314861
100033957
100091103
109269097
122707459
123624532
138587716
143347233
166195876
182183126
191984373
219178766
222472077
260377504
105857769
170536715
108854021
100323976
100698699
132115843
133564241
137794491
180915598
187252241
197933421
201201670
201816923
105802536
102288289
162559098
100004175
128738422
196748296
230179687
235805406
103029152
109674682
117936372
116107403
129438282
305961876
100137272
111569393
183944193
193397546
217531418
227929391
230947616
238878062
101709069
104130021
122580035
206661765
209675700
262842316
264766354
100191165
108568754
298158800
152040890
100567069
102831254
137156156
173850691
101545933
113202976
116317715
154769957
166585538
179695679
190270968
108857273
107184009
108968158
117997331
183344059
206738912
254112659
254583381
295230921
310916994
109113104
115511839
122640918
172007234
200910707
210065167
218104276
236459364
130923251
172015482
178711102
191265425
245078445
103737875
173935027
111821119
100700516
105604433
108877601
109439272
147749831
200190395
122688405
100148690
100809640
109585301
112912272
114347110
121848664
127595831
128940629
130056639
141543865
183978871
197992456
217210920
223919031
224447254
227513246
237411660
247734223
255869911
256497700
259271865
267660194
100133711
110234886
111774307
125648926
134707964
134999626
178852087
106569280
102117827
103009794
113657381
155003285
102249235
105286670
101066606
101749049
193700046
184424209
119157568
184068827
213388284
232086263
103448087
233373972
106217951
103491076
100034294
100797356
114615296
101010670
101901990
104954228
114557713
150947496
154719935
179354390
191138797
217441915
255829605
101571812
100368211
112814472
114793281
171529594
236726115
129796766
196754418
267429358
214146227
104762849
105163136
106677640
120047893
125298304
135027006
135040005
169169669
169426649
175607271
176469836
191355179
193755324
207888355
215316319
249207292
254241151
256404636
298750953
100047485
101436568
102566417
106531087
121095970
135699997
136814840
147294957
174377041
181185270
184047660
196475254
200664787
231242218
253831708
257148316
312636569
156948593
102393504
103076569
109392015
159494444
198484375
254085089
108964430
109336477
111571311
212156717
102009248
108552537
103234697
172247082
237372458
110484956
181077488
198038133
108644639
251107641
101718321
106267888
111226187
127909754
149487229
175187611
247613617
108712916
100350116
101102390
101358407
101401777
113160969
113284884
185801334
104592435
101028026
129996409
164547595
172342302
100176808
101630922
102756024
119675947
124942107
125530162
132578448
165288678
203177048
208970575
222812073
228671497
276368867
100388373
100738417
102070569
180603247
251676000
116475622
117754946
155086364
101879606
102512965
143331872
178347457
233394051
100089362
116583039
104888008
224889565
106563076
113856410
118694597
247254622
135125558
245359775
102612790
100467742
101476358
105712189
107359357
109866601
101577576
114523094
116030925
196414133
222011234
100647753
101505614
101768185
102528292
106285200
113218334
119245163
129711782
141224522
147666396
150457033
172778252
173456816
184845596
197799753
200685476
203026572
207208178
228679413
250008945
252340078
296794237
128167800
100904968
112354466
251230991
277773198
296244535
168677690
100868440
105349048
151994759
109117415
225263371
252152795
115408974
155683803
217387658
229637483
231894979
254610499
100157174
101192311
184015672
194356782
228248302
242871031
238939291
100155248
108678198
139434375
100991480
101130202
263404842
100570405
103132092
158612020
260636983
178264727
107106515
270871725
102618863
112473829
221665155
100722866
109025090
187858990
100724828
111992602
113040889
134234718
181544952
231084001
100319161
100520598
100622985
100667845
101433096
101561506
102301546
103230077
103401996
104033955
104187894
105228798
108573669
113586587
119102642
128243908
128516044
131979773
137237771
140535841
160804065
162420811
166676970
176966031
185560036
187378987
191060227
191258296
201155600
205981915
220753458
247139002
250746737
258386692
263191215
267005629
268806632
102027149
178525333
193178537
203395403
217523840
101734664
225060572
103486622
100713435
101631270
174267230
174346554
100798820
100882662
105050801
113865318
155255162
190188131
219677680
227207940
229499811
266969168
100086712
101640336
111487752
119136672
161572785
188245247
192303860
197387518
189616795
128013696
100004720
107106662
153373444
170552063
176069450
180545954
181585702
193060101
241138626
100013791
177942541
108829216
110536881
100263748
295885390
100020606
101427645
111065180
111441366
112539155
167380743
177292392
246502469
100431485
100461460
109904754
125162261
300891817
175986789
276296245
106047929
109578749
110288216
113092653
255825298
100351420
101532025
102346299
103349553
116992085
196224996
264196173
112835913
250195156
262401794
209754321
297333036
108049670
109694483
135399990
100476554
108317636
147365561
127056604
100263190
100332291
100417838
100457823
100894543
100978305
100979958
101142796
101225395
101659794
109307037
110902995
111394739
111791751
112289469
113964859
114313070
118169358
122199824
126319997
131496928
135706770
137962153
147973936
148816654
155443378
167806960
173466490
177603539
184981442
188495630
190130547
196040457
200206916
226415002
263526182
100379306
100553081
100834373
107155138
117675707
169827929
176090142
222973120
242566800
258676688
110171934
128810911
110646520
113673910
173280331
208093158
133240125
225710489
209343757
100060256
102435336
109784315
126433773
187450525
194085154
223536366
271262035
293725899
191143783
204913518
205632170
100026961
100630423
197247901
205849896
108936958
130955292
174492979
193486760
116094197
127462985
140378984
157508972
101150334
103864514
124432438
130183070
157644954
181976649
190630919
206597520
255602678
100628454
101108287
102396969
103797308
104091247
110966164
112719349
116724222
117619254
122482354
147537195
177867041
193815955
209445939
266353495
299610128
100193850
115347048
120696103
100350907
112956519
152050676
182040848
193446851
100060680
104653554
108617886
119419269
129644027
132350456
138117663
151576762
160322249
171125719
226816785
237288053
257246708
257332426
283615294
292300880
100491572
100551564
102396235
108722488
111159360
113947716
118415504
154229292
166659860
173877135
186878280
193675600
280189549
100555074
102157888
105703038
160698541
170682797
192884895
203422288
144534358
181549739
206894074
100112804
167266016
153261395
118893201
145129249
168549210
252262205
100346732
130233264
200062784
226312714
233992066
254984759
269427016
283675301
336162395
100376654
222911415
197026668
195860140
182120510
101591712
106175171
111750688
124512341
130277817
145372067
198027038
207399796
313176741
159294765
256445362
100471984
112355927
120837815
150019136
267538146
299325094
311324352
106472355
108938163
113582404
152368691
246633072
100017749
100089767
100192251
100344700
100521602
101572582
102814393
102855646
103744040
104405310
104475245
107063291
107598293
108565720
109030201
109212300
113436222
119797242
124951218
126080448
133600071
147334451
159519665
178211114
199755051
201996886
218685147
222219135
226810113
235409541
247545998
254082313
103587042
105995186
106461599
191570263
123528768
103381372
106196224
107077099
110287522
233957511
197179716
116142333
116248669
124377435
132255996
133020478
160783428
171475856
178866875
195374784
199526432
257442421
259812676
102200547
100033346
100946140
114003078
100068467
100688660
103821739
106171961
116639684
117362138
119752853
131344776
149495273
157955168
173317188
175549012
190951364
202405017
209614786
224800620
225697323
287015531
182423099
217686014
100403072
177463535
110289022
112171206
150755955
173964208
198611929
215003940
104383716
103114895
249471650
102609888
102760888
113790013
131857918
163149700
173265356
174751443
181453115
189911865
190207357
190216942
198872547
221080418
224091300
249326633
317408157
318415542
213530460
287146875
167158116
201351132
270430020
109322183
158816110
175843588
116391326
199236813
199363311
212156400
101157977
194772189
100094390
101545410
102408511
102744318
107031143
107231396
111237711
112183126
114375003
114959606
116280462
122899950
128270830
137702772
167718625
169760845
170015742
183023926
189148564
211153286
213336884
220583227
262568063
100394707
194742359
126564633
141699939
142541385
101160672
105438377
108889859
125926211
150870707
168345516
193965188
205862436
215081677
246749240
250117946
234624605
100422871
107432018
109458867
123825045
123951976
166069328
209450468
213700164
248569772
100018565
102479233
104958798
135568852
136107291
166117071
170208107
177386974
188877867
199414850
239424079
237627729
100384723
101268684
101618716
103599038
109120662
120466445
147235592
179897718
190743111
191969067
209744779
219240943
236480712
242999477
250296311
100004206
115597527
144236651
211859833
226021096
243588453
100824119
104778236
100090287
100283751
140458743
147648775
137044766
101078192
115287736
119816231
172450906
186884434
221858635
101062635
102521417
122709402
164687747
110003656
110006708
113621287
194486359
199338644
100850709
179272889
266371821
324627317
114820998
222420912
100005489
100472664
100510845
101139246
101164950
101593201
103291382
104765982
105173968
105756378
110182844
110726108
112274730
112913317
113204529
114014527
115070052
118570507
119940185
125576913
129399824
131430799
132716802
148645643
148866255
156021473
156427903
157116960
157537623
158092080
160676640
164597269
166019471
169369888
170986757
171563508
173758019
177219151
182264358
182502373
185107549
190748230
192158218
192445445
197318369
197347770
197538146
198915206
202131004
202249309
202426302
205359767
208417687
148853518
102158240
109986545
114627703
119464390
185581524
204683036
248195268
296356823
307735683
317765334
100005442
100022774
100043051
100108084
100136771
100138751
100240698
100252749
100278297
100318184
100347561
100462540
100508856
100585857
100667218
100715402
100784629
100809403
100831434
100937350
100946049
101050777
101254092
101256137
101271605
101294951
101316384
101352587
101540856
101554495
101641672
101860493
101925848
102075194
102276726
102300765
102413415
102489626
102491799
102859083
102944710
103172256
103185066
103262289
103276284
103343114
104089006
104216211
104261511
104428934
105272010
105774332
106339551
106407329
107943631
108330445
108593069
108650771
108668755
108710552
108796228
108833951
109305932
110078726
110161492
110458185
110517832
110551880
110680890
110891134
111076475
111242347
112221506
112323506
112733993
112821248
113024333
113067252
113257534
113266408
113965171
114417886
114975260
114981841
115716601
116364459
116708467
118164290
119238002
119638574
119643419
119662942
119928385
120041074
120157176
120369694
120394055
120833026
122097996
122207795
123068058
123100572
124837221
126016038
126554718
126751305
127724396
128198393
129219779
129256765
130479613
134174655
134770850
135714364
136249489
137800046
138363361
139285667
139823537
140451564
141312541
141549639
143372183
144346964
144705149
144878179
146137131
146641543
146946226
147159253
147252777
148101038
148296110
149745717
150587618
151422421
151997841
152552296
152771427
154829614
156126101
157053411
157287493
157878885
158140163
158786754
159740230
161367483
162012406
162685754
162844973
163710675
166127171
168684077
168839642
170487020
170807761
172391144
173505700
173624136
173685544
173743615
174528771
177274373
177282496
177416892
179664404
179892728
180062167
180629336
180648806
181394822
181420885
181739305
182042658
182292907
183485891
183547192
184418656
184860903
185526464
185938582
186583131
186854329
187247900
187684763
188046256
189501372
189866628
190047569
191303358
192364878
195103364
196424157
196534130
196725587
196793048
197136683
197863672
197973918
198778122
198954454
199056603
200640848
200821507
201012584
201638898
201668289
202708979
202866760
204742511
204903193
205298685
205345825
205633695
207164876
207745373
208167148
208828124
208860309
209196300
211075842
211420508
211487102
211805850
212506616
213273025
215628351
215746379
216535342
216661388
217041931
217069685
217808119
218468673
218484790
220536317
221618974
222076868
222345373
223155154
224195139
225328835
226451675
227636579
227686052
228067447
228096243
228561400
229889937
230319239
230353940
236143710
236720670
237762699
238574652
238580482
239107614
239702054
241294724
243371006
244584816
244864446
246225874
246858535
247617078
248128945
248277959
248304578
249562543
249904410
250282117
251068942
251968879
252621967
253060998
253261128
253956389
254573030
255071545
256015147
257654266
258286775
259593986
259702684
259759790
261464282
262683609
262885048
264094819
265018602
265629914
265856905
266546973
266849161
267472191
267573935
267898040
270575166
273733093
274941169
275201793
275351792
276290506
276787988
279270141
281955651
283951781
283967158
284073800
285069616
286939249
289776885
289974667
290567761
290743164
291962932
292508762
292719773
293126017
293161052
293468530
293487122
293891912
294940144
295222978
295386757
296382107
297231230
297624258
299873088
300734140
301274568
303107404
315167206
315846743
317539415
325013279
111837997
178066687
231965807
100343201
148679427
179787028
203891810
101684125
106641467
104938077
100166958
109060037
109071083
139705948
167277595
227287633
250319933
316448957
101420889
113107659
155520549
175917061
192196528
213697104
263912608
100000251
103767250
125263569
260460257
100124171
100544646
100625780
100650560
100655775
100829410
101374908
101465128
104121377
104248678
105112773
106788212
107129033
108501549
111075792
113188359
115751145
116166810
116967662
121461412
122011099
129154610
132095008
135499189
138453014
144627678
155277425
167714134
172382762
181108208
182262756
184113669
187828913
195103226
218672676
220139323
222761208
234396995
249755719
253215752
259943834
279396721
289054683
101327467
101742426
109948423
104423197
100082534
102232145
114443256
201966059
206285002
109891737
210484230
100305565
100799476
101134510
106258084
109624707
115564682
173023196
182462373
186927530
190332145
217485152
236652637
248072983
101391467
100245817
100483064
100935531
101806766
101831337
101840962
104266148
109046538
119794852
121822111
146422291
149951148
177763256
199721520
204502441
207739332
219617039
220110753
229020170
233196978
254693224
316133807
125163643
146563553
100102132
100212659
184409862
205644603
113102906
108788500
177998334
102663400
188190333
100060677
110815417
196916760
198521141
207337083
247257985
113026985
161452909
202553324
101114912
101500047
104029157
104102574
107912821
108096213
112493753
129811792
148334123
176098263
186583381
196072204
201574321
202180575
205729395
207370653
215559241
250293631
257255429
282865927
102686590
102844161
248131490
201376543
100393549
101115769
101198640
101236750
105326961
105814650
110000006
116199136
117192085
119031294
125881353
133876059
136045321
147103005
147742253
156226845
181275326
249897442
101778092
155022907
161773301
237444836
262805732
114522132
224188456
261474318
103347776
202944266
100902084
151645524
260311751
100034621
100787397
101540086
112633211
117740973
135278251
144026665
145539177
148431752
152865387
173365001
196498383
199256697
199298366
212365771
214061154
214339847
224673221
228417696
237968084
242224934
245377823
281021208
100412372
107954048
276234349
179289512
100570585
100097109
100929780
102347856
102440983
102883749
104552485
108756309
112913965
114561487
121486877
122848103
127542758
129393920
139100437
144069170
168150064
168282677
173991763
176840612
196361877
206603550
218884673
225509645
233065543
239749029
250312396
251927419
255933110
151220093
112071313
191102505
222580334
103285748
124016522
214619247
247398002
100000868
100259260
100451320
101296116
108988405
112148979
161318328
179019296
200332883
203966972
214418018
245653273
314108386
109280975
237019143
112755720
187751332
209715775
255942275
175845495
100732813
101397469
101624813
112332180
123702664
169018053
100377171
101137252
110599058
114617165
120185058
139053503
142471328
143309428
173771318
181191423
184934997
194492767
208001700
213290269
220481599
225109210
239471134
245183293
259322202
262666301
265847221
269027582
197034583
100268482
264696437
189074626
100002632
100218969
100225181
100259922
100816130
101332980
101996764
103163011
104588346
114828440
115152169
132302882
142670635
148896373
161015649
197604805
197674456
202065966
206933296
208201262
215767385
223137802
234115103
237764254
158225674
113004683
145520288
100349663
124052407
131544984
102330359
102907564
115433119
117179299
133039984
146498130
101983232
117585462
199621405
181007639
204259311
100133353
100310265
126029247
126746054
164467300
165856721
168161025
169311123
215366929
250085996
257775677
259655044
263481052
316234123
103702890
125028035
151185881
189025881
258870387
174752610
100026088
100242284
100487565
100547902
100997341
101151053
101379527
108709183
110702222
117264289
185693078
134357697
100030932
109343230
114979912
133794958
136786808
137817644
100907908
222307151
100015688
100025370
100042900
100057591
100058139
100082327
100115603
100134547
100145337
100152657
100157651
100169928
100173901
100191103
100234074
100256771
100296179
100318901
100357205
100397848
100473868
100516927
100578607
100725413
100774209
100791972
100827641
100843670
100958403
101084176
101206746
101260173
101369535
101381741
101433595
101577628
101700192
101708824
101731348
101750622
101788660
101822042
101836500
101969118
101997141
102154912
102258013
102394052
102581360
102787718
102868780
103501996
103741203
103874184
104197226
104296664
104639896
104680543
104695416
104850681
104939132
105104492
105280555
105611823
106314255
106319499
106656910
106710135
106721714
107493952
107513215
107536927
107617025
107632473
107642645
107777326
108165747
108184764
108740812
108999581
109083877
109151196
109207835
109274643
109404313
109897843
109968110
110135842
110208356
110697144
110851010
110868091
110886863
111013525
111254558
111845404
112316627
112772446
112916204
113013205
113227983
113501564
113705766
113727320
113908552
115081975
115654405
115803811
115864610
116300776
116341852
116548018
116771290
116846087
117258666
118991837
119918863
120266487
121195762
121219681
121229474
121542955
121646024
121793735
122361545
122719670
123029475
123768886
123861188
124230785
125922088
126463769
126884321
127003441
127181117
127806194
128102523
128183234
128269537
128397090
128994484
129637087
130501323
131009636
131932867
132163856
132549570
132869091
133256429
136107388
136195494
136436541
137922075
138598331
138875257
138954643
138979141
139048278
139724818
141096160
141255168
142711293
142936041
143057449
143891420
145674590
146216204
146219642
146380038
146520324
146520367
148135322
148297553
148825427
148836216
149133036
149172641
149794576
150093905
152094488
154177016
154388853
155411336
156496686
158788281
160826625
161614074
161646035
162334432
162746556
163010520
163145654
163273993
163395537
166434352
166870940
166935640
167102626
169005633
169118976
169151395
171234534
172262441
172295879
173205085
173432006
173610129
174175981
174597684
175803348
175888272
176257239
177458088
177776545
178029520
178235378
178406867
179229781
179893982
180047676
180320815
180645246
181766725
181829474
182622529
183015052
183391282
183684850
183749846
184494022
184647150
184931178
184964698
185323598
186534288
186566397
187046867
187276583
187304387
187464843
187488129
187898170
188036827
188348193
188681001
188683159
188728098
189228296
189482660
189704228
189912763
190376989
190386827
190507005
191301817
191411509
192214108
192444003
193203910
193552203
193595731
193743562
194272621
194388559
194598320
194907501
195275302
195311781
195316284
195511263
195705476
195736487
196018370
196473049
197238439
197271932
197312536
197718533
197787078
197964512
197970490
198636970
199221028
199904358
200263568
200940523
201186627
201259710
202338988
202749112
202802031
202951928
203011398
203340596
203585044
204520093
204643369
204745138
204890242
205591785
206194782
206206717
206253542
206307423
206438967
206465345
206850690
208291564
208296721
208375381
208434113
208839243
208992859
209170003
209187873
209941631
210647635
211059078
211149323
211164868
211598768
211732300
211741094
213267725
213275255
213537941
213608142
213678897
214064920
214538266
214819103
215479711
215664304
216229861
216497209
216897246
216911398
217084900
217240026
217412875
218446747
219036318
219453046
220996236
221388224
221690429
222215377
222590712
223776519
224183904
224513618
224607668
225414505
225589819
226183965
226851337
227422960
227899844
228070137
229555358
231293672
231580863
231764963
232070758
232637143
233083066
234836481
235304124
235930836
235991037
236479494
237090082
237967077
238499314
238559727
238589350
239139420
239742267
240205983
240227848
241140941
242243199
242821101
242850239
243228447
244694625
244979103
245017107
245066747
245240815
248168285
249083858
249326052
250199112
251340869
252670091
252680080
253062284
255221072
255256002
255501421
255863307
256070495
256493946
256648381
256658325
258601475
259016133
259617780
260356518
260375950
260825362
261137516
262559410
264056799
264858727
265944760
267544762
275047570
275286879
279622788
284784876
288975872
293392618
306716085
312872733
313418720
323612018
323824605
100604728
103411884
104876311
121244259
101210198
101348575
109032480
115936052
211883398
107949110
108797643
161158082
167112765
102579337
100440937
210921870
303507586
219439341
231169225
263422137
293136327
201731185
258058701
277116253
100444138
101308618
101603656
107190587
110114763
114095726
153379740
176510846
187013603
220560761
289769056
140307120
193860141
210496453
214874389
251201462
110379392
260408737
176908943
111853146
157648629
210371288
268762890
318106369
110255775
100060000
101041235
101094465
101243471
101398769
101404525
103132282
123094264
124549482
124717123
172310005
190144306
201421682
219129321
225637714
248049770
265517764
125691594
127443313
214634642
254342499
134776833
179717980
209414764
233802836
250041292
254126959
101507719
101866519
101952440
103101867
103163589
104106265
104191075
109152251
138399884
182430511
186761612
187251013
192801324
193124042
194660333
197057007
223250548
242212033
242431388
248755512
255796241
282909495
170981766
100158759
100938152
109636396
121990356
186707889
191819676
197623911
213996811
218132804
226130814
112993058
127777590
155757715
175994394
222599356
262431421
247238936
222984243
100057012
100122036
100786224
105237326
105423380
110612063
110869818
111375170
145768987
163362079
187439242
194943961
195542879
200350736
213085780
100456184
100688310
100812075
101373298
121210908
129393021
179805951
246466157
100197989
100578095
108668659
201859620
249509481
100984634
114149621
171188978
176474782
120812539
101026708
104104056
123232669
198938303
244890509
107374567
175779015
101705970
113241028
136341594
101421969
104248293
111456469
122588153
130803294
189711231
201562923
256346957
249900324
101209790
101358071
104327138
106298215
109322072
109504097
128017928
173143490
183483923
192425717
253870343
193630075
100787508
148777802
113768181
114228234
115026519
184797279
201904717
206968934
102895882
104302192
102152464
194419631
213405865
217522648
238422130
101550269
100334149
121921903
110328634
187848499
230333809
248498617
181956739
261086243
276373431
209622649
115454822
159386742
199305495
108725484
100003922
100029426
100063249
100107853
100250235
100819999
103473242
103990149
104784002
105674974
109284457
118958595
124287438
132944210
152637915
153754869
157298753
170895213
172959396
180765325
187939338
206580494
212744701
237618916
253650298
313151141
316993149
314428401
100743612
104488722
125606589
128020307
163623290
170306532
175764369
187400079
189703141
199555407
231231046
236561268
100051067
105931947
193274618
100745671
135471918
143731372
147051421
199055785
199932134
249831217
251991582
254709386
256909878
273741613
285759203
184815623
100291594
100309307
104144934
105696944
108576872
109304212
110847049
124606724
124923041
152659822
155883783
163068548
166171133
169341163
172860408
172906182
177933562
186874325
219384494
222729108
280667649
102147145
115791063
166031110
208309480
125698812
161419303
182155205
197485241
137623694
102765337
106409401
178997161
207262211
163259917
184775280
100025424
100097739
100498143
113255152
118731300
182285190
187310615
216341615
232353494
251024055
101409892
101742262
102642035
104225230
105550031
112068581
113380273
113730658
130479783
131641292
184497690
190958150
197775031
201269991
214489243
244213433
248820824
265510278
100235726
100343343
100445753
126051352
135118584
159533284
191122313
198950325
103054511
105201343
100041114
178676477
135381431
150197795
152503187
190315197
205772887
245580278
134911001
150702769
131741898
100714758
100805504
113880652
187411831
226566268
100979359
103728966
146732821
160306319
102138492
106805693
120587572
193009535
110160830
200534900
186682326
216885750
104079007
104901420
112068867
128191546
178983194
183556149
190439633
192372603
213748882
232769035
102674841
103290261
160623968
173231256
263000499
290308215
100159302
100549083
100782178
101207203
101734191
102076208
102504818
103764071
104166471
108155449
108558141
109031625
113850557
130576434
134279914
137046447
141147007
152854735
163309179
173627140
178218978
187698598
232569091
240645718
100058481
100059950
100638516
101336879
101364671
101792361
101803720
101861637
103061026
103390358
103401476
106243223
109054105
110908407
111411066
114997842
116190402
116401966
116862021
117979290
119768059
121098621
122711346
125322637
126900918
148447909
149336723
149568212
152662219
153741044
154623975
158308430
159217670
161092241
164980962
168597124
170061263
170907687
174790385
178885802
185277236
186583165
186855526
186991080
187794131
189129197
189232968
191039325
193229242
193450093
193610383
197982428
199228270
201429464
202475622
205535705
211573214
214119705
215433934
215726790
217089266
220851943
222171624
223196482
228944830
243467642
246388709
247727919
249083750
250584363
251191062
257458416
261510116
275457212
290285059
133624910
153240970
194974143
105545792
178626644
159677696
101324822
111237635
156433636
186529713
201036601
100946009
100977317
101389567
101396194
101840288
108706087
111229677
115618432
123299806
133724298
149095566
175394511
180136321
181185545
187255536
188442797
192110077
199055273
219689105
283001897
102340296
156183082
102999283
262429200
107220963
112835723
120655047
240139504
299486144
232081350
100090666
104585839
115984848
125736711
182481039
220399090
100151642
100390336
100609834
100908757
108290143
173431952
175734305
193268640
218017845
224152536
103550503
132242567
144244215
154713628
177736153
187028099
217052568
263430652
100000473
100005342
100009557
100011597
100012010
100012606
100013831
100073823
100086576
100098961
100117305
100127934
100128607
100145472
100145951
100151529
100162781
100163395
100174423
100195594
100199902
100228003
100246499
100251643
100274611
100366234
100376150
100392468
100392703
100399165
100426516
100432485
100441905
100442967
100459868
100483363
100496708
100498692
100504715
100528397
100529644
100531917
100555389
100558472
100572698
100617193
100636376
100687184
100689226
100707706
100711508
100711517
100715220
100728702
100755629
100772429
100810447
100835746
100861542
100884191
100901510
100902101
100934102
100983308
101021379
101096648
101134600
101136421
101165716
101182439
101232205
101259471
101269791
101271149
101296396
101407746
101408408
101418452
101427815
101475144
101559813
101573149
101577961
101638217
101645620
101696872
101764270
101769745
101782549
101799562
101814173
101852516
101929037
101977508
102037453
102349230
102410568
102481398
102490820
102612425
102695501
102719378
102731275
102806318
102812867
102846029
102922784
103016791
103175880
103312420
103315635
103462738
103679584
103731753
103787627
103962900
103971771
104263002
104302556
104470840
104647432
104647966
104840280
104976054
104981064
104986433
105251301
105260452
105320431
105577702
105637387
105912928
106128356
106282707
106587537
106714908
107210259
107650627
108000315
108092743
108507514
108657439
108747256
109125676
109189714
109245933
109304181
109406923
109407409
109725066
109921953
109987496
110197114
110375078
110385808
110413308
110435933
110635328
110725396
110832488
111308468
111431032
111438636
111516066
111564417
111601051
111976674
112099703
112453289
112759107
112935274
112940823
113064323
113084758
113529812
113561977
113791660
113882707
114577843
115189167
115523362
115795608
116009860
116168308
116604984
117058898
117232320
117253844
118304741
119133495
120527982
121041989
121064205
122181755
122461331
124614669
125598113
125606470
125689475
125807295
125819009
125953129
126332514
126347184
127172440
127317639
127712812
128036726
128141424
128170749
128259864
128417413
129224087
130211070
131569471
132320329
132969974
133355943
133578969
133821516
134539811
134680203
135204788
135533616
136391768
136858915
136859334
137334400
137691223
138392483
138448036
139757210
139859658
139929383
140978803
141055717
141113816
142953505
144464342
145304721
146172682
146615235
148221853
148292107
148445711
149050420
151487764
151953364
152243488
153298151
153549682
154059222
154294085
154490265
157137049
158111846
158959932
159804191
160055484
161578703
162715936
162895387
163281709
163963672
164522022
165204624
166157967
166617243
167222153
167326494
168353315
168505212
169312069
169540118
170992067
171103546
172553520
172750931
172841010
172957413
173376186
174788073
176161759
176185835
176226074
176307427
176347016
177006202
177129166
177262062
177530271
178120661
178508253
178571240
178717403
178845835
179108128
179231801
180001847
181475990
181718174
182613769
182843172
182960801
183030031
183142065
183283602
183601548
183875421
184058406
184249036
184414283
184727419
184954019
185095976
185532338
185601434
185949527
186058990
187108081
187216736
188336432
188389259
188491067
188747785
188972826
188984172
189963568
190079602
190505998
190896972
191601766
192600021
192630536
192743706
193028308
193166534
193666787
194018955
194038928
194590460
194642959
195008469
195029883
195342105
195448001
195485770
195616525
196473934
196502229
197567945
198191531
198423804
198626899
199113750
199224031
200058102
200851128
201527750
201546655
201597977
202282540
202646002
202692004
203390718
203496354
203884978
205394025
205905269
206100028
207165329
208836437
209164590
209452691
209692655
209927589
210063770
210434213
210638141
210869573
210996922
211395914
211500001
211802457
211870195
212086382
213150411
213697436
214270774
214647596
216119145
216645798
216753787
217713896
218392189
218531568
218612742
218819721
219657964
220414579
220443300
220580034
221127465
221441891
221834815
222070384
222200077
223647501
224033516
225216406
226134719
226265585
226297107
226365164
226473489
227041788
227263863
227773599
228852950
228925108
229566525
229994291
230251747
231104682
231356354
231553155
231858462
234041294
234533727
234593864
236229776
236681736
237220262
237410369
237625929
237656893
237779074
237890899
238493964
238844551
240493073
243328867
243407592
243733835
245346619
245708553
246985168
247093781
247125267
247182837
247942255
248221405
248917102
250130612
250210210
251034567
251044125
251728608
252725478
252772799
254241668
254285185
254699527
255022026
255302837
255441933
255502753
256078605
256791368
257395582
257708563
260362485
260959934
263447001
263591938
265524680
267291186
270887717
274692404
276228637
276320692
276510361
281228312
291032525
293773107
299280853
309211073
312444037
313237535
313864989
314364242
321399572
333770879
100086792
100737987
252981619
100298479
170449522
305146594
104861673
109460896
124697973
104079613
104672516
214643541
100618352
264704761
314320786
124894685
154081379
180592259
280966064
110814530
112719686
118823709
179333156
189764546
205357063
100053738
216169628
277496412
102667364
106877714
127820572
138422681
233722686
102547477
110725320
100000116
162692867
228927042
217367182
162928717
185027339
115588703
103094741
108246384
113338172
171729777
187395411
192259636
194026690
219832022
286170948
230913941
126484713
100372982
213241851
270056698
109193768
182100109
190400674
110470244
100022964
100081695
100110734
100147288
100175895
100204292
100226639
100237898
100321366
100388425
100411758
100523578
100563979
100658210
100684004
100806386
100815236
100948107
100948232
101172201
101243392
101362458
101570085
101578755
101915067
101985439
102006944
102069910
102160754
102362397
102414460
103413679
104209800
105735992
106261054
106334203
106381741
106634051
106929198
107098396
107577548
108089068
108294367
108486587
108751386
108883751
108941781
109048333
109108078
109397883
109405691
109941150
110009958
110122218
111980450
112124367
112405246
113034075
113269578
113415383
113726643
114102023
114173869
114425432
115431541
115756537
116007064
116012692
117546390
117613111
118284314
120163530
120216999
120360454
121298818
122071740
122831951
123037307
123479163
123974273
125214043
125804068
127309808
127840262
128689027
129349750
130327758
131287213
131710406
132013308
134313639
134474593
136973455
139144211
139878560
141202549
141811824
146606774
147551437
148295798
148515352
150445417
152367588
153180799
154740462
154930802
155260897
155721419
156196523
156885171
157119520
159334221
160784351
160792274
162143984
164394432
165063955
170651647
171123667
171507549
171863318
172824058
173345055
173436764
173573508
174371356
175860688
176191895
177310996
178754708
180605902
180915071
182404265
183265988
185004937
185716023
187145732
187314715
188482463
189445415
191316901
191723721
192565029
195424805
195480871
195532793
195927212
196189689
197220360
198503358
199942002
200986637
203127060
203698908
203706514
211556773
214697853
215162388
218208186
218743353
220022003
221363218
228591169
229265550
232209910
237105203
239739519
239862002
244064311
247534577
248472766
254124773
255522635
257158295
258294218
258735068
261539861
262405003
262756043
263423850
266849395
267234900
270870360
273166858
275862252
276947364
277551358
279173647
288066609
293254263
294444352
297843850
306329496
309321051
313091904
314242015
334603345
101197064
296580798
101250939
293262880
172698333
172742395
134664482
187772609
101385479
103977745
122884080
100042037
100002623
109130177
168542037
202370893
103160851
123659513
112986402
221444983
268603778
103590372
203046174
101409371
103046187
104583211
178396460
251289775
126128503
172126575
249140719
178427518
101763910
101129372
101178473
103391754
158189604
191663426
196101675
208912600
225135701
237062016
256924872
131202689
160153618
226368083
267555934
101375492
147909926
101387093
126871699
214033109
263668683
268447064
160633522
113127375
240603769
269567112
256749599
100857277
147347008
143567891
109948931
152488944
210863796
100460914
131473262
170801921
198342583
200065644
273245609
100113724
100120083
100453355
101464543
102014973
103116322
103130530
109258420
112993435
123420690
127934115
129019042
140599215
146995182
154121539
185452214
243470104
103258241
144768254
200455997
284901852
128154999
218398988
244056178
102907358
168552971
171593202
153439295
201754671
102333847
109338081
109959162
112436146
195760151
132638842
100024253
103977950
109439453
175927762
177030948
230392316
142215024
211042949
100044368
128018284
298557165
190227676
270248903
178107271
133856160
197867052
182568149
104402155
239510576
101707440
102439527
129985897
289915612
104092907
100670313
109416444
137282839
228202709
274434643
302807699
108075261
104899356
115860405
195069185
100790238
148453048
107915477
181517716
104034751
108941762
170724307
260138757
203913928
115709412
120379510
105700437
111414978
119186725
128206957
100074055
101615243
107354451
112630538
128174827
148195981
102524641
272078771
186288659
125012041
157431775
101207373
139813222
101156552
144511362
220327777
178410737
100220222
100342757
100396956
100799041
103831014
111270794
118043443
125502865
127912129
153949846
158479956
171972064
178730213
180375930
183392047
194107142
197509889
202375807
210355590
215817237
235511216
237421910
246803018
263787654
264212403
268869719
270046687
270800646
274782139
158586374
262814134
283024236
201946595
100677929
113077392
164815234
100010704
100046228
100068178
100766190
101664025
102405865
103401714
187319744
100068670
105505003
132555623
188999118
108808491
109187942
128084565
183637225
235828428
100062834
112283717
107854108
231114684
246576672
253466452
103640509
111055228
100383389
109022745
208691720
290465507
222293380
156719839
179007069
221262789
241490170
145591577
101470214
161036695
178254067
209787931
109519464
226171960
163939684
101439543
259058743
108726238
125283900
133134173
171071056
100332933
101199000
114576025
122312878
148202714
201463419
219407056
226375228
245289111
256524548
190531293
107604283
109628041
121768226
157165749
169208873
188487930
177827579
246795182
207400875
102063244
115596724
165069046
210935441
274441009
126814287
217911229
227123684
125860295
141693761
146696763
101216668
102966086
107455710
218603013
248164779
103218816
100895985
144166944
148347717
174429958
242202259
100432649
200755356
119661938
128157651
202127869
100699508
102482338
202671233
104637120
189169448
214950496
241321857
267246070
107625658
160672846
202481019
202751639
194825289
159869306
174554561
186894563
194493063
229388202
240350183
262708865
